3.000000000e-08 2.348238395e-08
3.010000000e-08 2.411646894e-08
3.020000000e-08 2.476657509e-08
3.030000000e-08 2.543307573e-08
3.040000000e-08 2.611635202e-08
3.050000000e-08 2.681679308e-08
3.060000000e-08 2.753479620e-08
3.070000000e-08 2.827076689e-08
3.080000000e-08 2.902511914e-08
3.090000000e-08 2.979827545e-08
3.100000000e-08 3.059066709e-08
3.110000000e-08 3.140273420e-08
3.120000000e-08 3.223492593e-08
3.130000000e-08 3.308770066e-08
3.140000000e-08 3.396152611e-08
3.150000000e-08 3.485687951e-08
3.160000000e-08 3.577424778e-08
3.170000000e-08 3.671412771e-08
3.180000000e-08 3.767702608e-08
3.190000000e-08 3.866345990e-08
3.200000000e-08 3.967395652e-08
3.210000000e-08 4.070905385e-08
3.220000000e-08 4.176930051e-08
3.230000000e-08 4.285525604e-08
3.240000000e-08 4.396749105e-08
3.250000000e-08 4.510658744e-08
3.260000000e-08 4.627313856e-08
3.270000000e-08 4.746774943e-08
3.280000000e-08 4.869103688e-08
3.290000000e-08 4.994362980e-08
3.300000000e-08 5.122616932e-08
3.310000000e-08 5.253930899e-08
3.320000000e-08 5.388371501e-08
3.330000000e-08 5.526006640e-08
3.340000000e-08 5.666905524e-08
3.350000000e-08 5.811138687e-08
3.360000000e-08 5.958778009e-08
3.370000000e-08 6.109896738e-08
3.380000000e-08 6.264569510e-08
3.390000000e-08 6.422872375e-08
3.400000000e-08 6.584882814e-08
3.410000000e-08 6.750679766e-08
3.420000000e-08 6.920343645e-08
3.430000000e-08 7.093956368e-08
3.440000000e-08 7.271601376e-08
3.450000000e-08 7.453363657e-08
3.460000000e-08 7.639329767e-08
3.470000000e-08 7.829587859e-08
3.480000000e-08 8.024227703e-08
3.490000000e-08 8.223340712e-08
3.500000000e-08 8.427019964e-08
3.510000000e-08 8.635360229e-08
3.520000000e-08 8.848457993e-08
3.530000000e-08 9.066411485e-08
3.540000000e-08 9.289320696e-08
3.550000000e-08 9.517287412e-08
3.560000000e-08 9.750415237e-08
3.570000000e-08 9.988809616e-08
3.580000000e-08 1.023257787e-07
3.590000000e-08 1.048182920e-07
3.600000000e-08 1.073667476e-07
3.610000000e-08 1.099722761e-07
3.620000000e-08 1.126360284e-07
3.630000000e-08 1.153591749e-07
3.640000000e-08 1.181429067e-07
3.650000000e-08 1.209884354e-07
3.660000000e-08 1.238969933e-07
3.670000000e-08 1.268698341e-07
3.680000000e-08 1.299082327e-07
3.690000000e-08 1.330134859e-07
3.700000000e-08 1.361869125e-07
3.710000000e-08 1.394298535e-07
3.720000000e-08 1.427436724e-07
3.730000000e-08 1.461297558e-07
3.740000000e-08 1.495895134e-07
3.750000000e-08 1.531243783e-07
3.760000000e-08 1.567358073e-07
3.770000000e-08 1.604252816e-07
3.780000000e-08 1.641943063e-07
3.790000000e-08 1.680444115e-07
3.800000000e-08 1.719771522e-07
3.810000000e-08 1.759941087e-07
3.820000000e-08 1.800968867e-07
3.830000000e-08 1.842871180e-07
3.840000000e-08 1.885664606e-07
3.850000000e-08 1.929365990e-07
3.860000000e-08 1.973992443e-07
3.870000000e-08 2.019561351e-07
3.880000000e-08 2.066090373e-07
3.890000000e-08 2.113597445e-07
3.900000000e-08 2.162100786e-07
3.910000000e-08 2.211618896e-07
3.920000000e-08 2.262170565e-07
3.930000000e-08 2.313774873e-07
3.940000000e-08 2.366451193e-07
3.950000000e-08 2.420219196e-07
3.960000000e-08 2.475098851e-07
3.970000000e-08 2.531110433e-07
3.980000000e-08 2.588274522e-07
3.990000000e-08 2.646612009e-07
4.000000000e-08 2.706144098e-07
4.010000000e-08 2.766892307e-07
4.020000000e-08 2.828878476e-07
4.030000000e-08 2.892124769e-07
4.040000000e-08 2.956653673e-07
4.050000000e-08 3.022488005e-07
4.060000000e-08 3.089650917e-07
4.070000000e-08 3.158165895e-07
4.080000000e-08 3.228056764e-07
4.090000000e-08 3.299347691e-07
4.100000000e-08 3.372063190e-07
4.110000000e-08 3.446228122e-07
4.120000000e-08 3.521867702e-07
4.130000000e-08 3.599007499e-07
4.140000000e-08 3.677673441e-07
4.150000000e-08 3.757891816e-07
4.160000000e-08 3.839689278e-07
4.170000000e-08 3.923092850e-07
4.180000000e-08 4.008129924e-07
4.190000000e-08 4.094828268e-07
4.200000000e-08 4.183216027e-07
4.210000000e-08 4.273321724e-07
4.220000000e-08 4.365174270e-07
4.230000000e-08 4.458802958e-07
4.240000000e-08 4.554237475e-07
4.250000000e-08 4.651507898e-07
4.260000000e-08 4.750644699e-07
4.270000000e-08 4.851678752e-07
4.280000000e-08 4.954641329e-07
4.290000000e-08 5.059564109e-07
4.300000000e-08 5.166479176e-07
4.310000000e-08 5.275419028e-07
4.320000000e-08 5.386416573e-07
4.330000000e-08 5.499505135e-07
4.340000000e-08 5.614718460e-07
4.350000000e-08 5.732090710e-07
4.360000000e-08 5.851656476e-07
4.370000000e-08 5.973450774e-07
4.380000000e-08 6.097509048e-07
4.390000000e-08 6.223867177e-07
4.400000000e-08 6.352561471e-07
4.410000000e-08 6.483628680e-07
4.420000000e-08 6.617105991e-07
4.430000000e-08 6.753031034e-07
4.440000000e-08 6.891441883e-07
4.450000000e-08 7.032377060e-07
4.460000000e-08 7.175875531e-07
4.470000000e-08 7.321976719e-07
4.480000000e-08 7.470720494e-07
4.490000000e-08 7.622147185e-07
4.500000000e-08 7.776297577e-07
4.510000000e-08 7.933212913e-07
4.520000000e-08 8.092934897e-07
4.530000000e-08 8.255505698e-07
4.540000000e-08 8.420967945e-07
4.550000000e-08 8.589364737e-07
4.560000000e-08 8.760739639e-07
4.570000000e-08 8.935136685e-07
4.580000000e-08 9.112600379e-07
4.590000000e-08 9.293175699e-07
4.600000000e-08 9.476908096e-07
4.610000000e-08 9.663843492e-07
4.620000000e-08 9.854028290e-07
4.630000000e-08 1.004750937e-06
4.640000000e-08 1.024433407e-06
4.650000000e-08 1.044455025e-06
4.660000000e-08 1.064820620e-06
4.670000000e-08 1.085535073e-06
4.680000000e-08 1.106603309e-06
4.690000000e-08 1.128030306e-06
4.700000000e-08 1.149821086e-06
4.710000000e-08 1.171980722e-06
4.720000000e-08 1.194514333e-06
4.730000000e-08 1.217427087e-06
4.740000000e-08 1.240724201e-06
4.750000000e-08 1.264410939e-06
4.760000000e-08 1.288492615e-06
4.770000000e-08 1.312974589e-06
4.780000000e-08 1.337862271e-06
4.790000000e-08 1.363161117e-06
4.800000000e-08 1.388876632e-06
4.810000000e-08 1.415014370e-06
4.820000000e-08 1.441579931e-06
4.830000000e-08 1.468578964e-06
4.840000000e-08 1.496017165e-06
4.850000000e-08 1.523900277e-06
4.860000000e-08 1.552234091e-06
4.870000000e-08 1.581024445e-06
4.880000000e-08 1.610277224e-06
4.890000000e-08 1.639998360e-06
4.900000000e-08 1.670193832e-06
4.910000000e-08 1.700869663e-06
4.920000000e-08 1.732031924e-06
4.930000000e-08 1.763686734e-06
4.940000000e-08 1.795840253e-06
4.950000000e-08 1.828498690e-06
4.960000000e-08 1.861668297e-06
4.970000000e-08 1.895355374e-06
4.980000000e-08 1.929566260e-06
4.990000000e-08 1.964307344e-06
5.000000000e-08 1.999585055e-06
5.010000000e-08 2.035405867e-06
5.020000000e-08 2.071776296e-06
5.030000000e-08 2.108702901e-06
5.040000000e-08 2.146192286e-06
5.050000000e-08 2.184251091e-06
5.060000000e-08 2.222886003e-06
5.070000000e-08 2.262103748e-06
5.080000000e-08 2.301911090e-06
5.090000000e-08 2.342314836e-06
5.100000000e-08 2.383321831e-06
5.110000000e-08 2.424938961e-06
5.120000000e-08 2.467173146e-06
5.130000000e-08 2.510031347e-06
5.140000000e-08 2.553520563e-06
5.150000000e-08 2.597647826e-06
5.160000000e-08 2.642420206e-06
5.170000000e-08 2.687844810e-06
5.180000000e-08 2.733928775e-06
5.190000000e-08 2.780679277e-06
5.200000000e-08 2.828103521e-06
5.210000000e-08 2.876208748e-06
5.220000000e-08 2.925002227e-06
5.230000000e-08 2.974491261e-06
5.240000000e-08 3.024683183e-06
5.250000000e-08 3.075585354e-06
5.260000000e-08 3.127205163e-06
5.270000000e-08 3.179550029e-06
5.280000000e-08 3.232627397e-06
5.290000000e-08 3.286444736e-06
5.300000000e-08 3.341009543e-06
5.310000000e-08 3.396329338e-06
5.320000000e-08 3.452411664e-06
5.330000000e-08 3.509264085e-06
5.340000000e-08 3.566894189e-06
5.350000000e-08 3.625309582e-06
5.360000000e-08 3.684517889e-06
5.370000000e-08 3.744526756e-06
5.380000000e-08 3.805343842e-06
5.390000000e-08 3.866976826e-06
5.400000000e-08 3.929433398e-06
5.410000000e-08 3.992721265e-06
5.420000000e-08 4.056848145e-06
5.430000000e-08 4.121821767e-06
5.440000000e-08 4.187649871e-06
5.450000000e-08 4.254340205e-06
5.460000000e-08 4.321900526e-06
5.470000000e-08 4.390338597e-06
5.480000000e-08 4.459662185e-06
5.490000000e-08 4.529879062e-06
5.500000000e-08 4.600997003e-06
5.510000000e-08 4.673023783e-06
5.520000000e-08 4.745967177e-06
5.530000000e-08 4.819834958e-06
5.540000000e-08 4.894634898e-06
5.550000000e-08 4.970374762e-06
5.560000000e-08 5.047062310e-06
5.570000000e-08 5.124705294e-06
5.580000000e-08 5.203311460e-06
5.590000000e-08 5.282888539e-06
5.600000000e-08 5.363444253e-06
5.610000000e-08 5.444986309e-06
5.620000000e-08 5.527522402e-06
5.630000000e-08 5.611060205e-06
5.640000000e-08 5.695607377e-06
5.650000000e-08 5.781171554e-06
5.660000000e-08 5.867760353e-06
5.670000000e-08 5.955381366e-06
5.680000000e-08 6.044042160e-06
5.690000000e-08 6.133750274e-06
5.700000000e-08 6.224513222e-06
5.710000000e-08 6.316338484e-06
5.720000000e-08 6.409233510e-06
5.730000000e-08 6.503205714e-06
5.740000000e-08 6.598262476e-06
5.750000000e-08 6.694411138e-06
5.760000000e-08 6.791659003e-06
5.770000000e-08 6.890013331e-06
5.780000000e-08 6.989481340e-06
5.790000000e-08 7.090070202e-06
5.800000000e-08 7.191787043e-06
5.810000000e-08 7.294638939e-06
5.820000000e-08 7.398632916e-06
5.830000000e-08 7.503775945e-06
5.840000000e-08 7.610074943e-06
5.850000000e-08 7.717536771e-06
5.860000000e-08 7.826168230e-06
5.870000000e-08 7.935976059e-06
5.880000000e-08 8.046966934e-06
5.890000000e-08 8.159147467e-06
5.900000000e-08 8.272524203e-06
5.910000000e-08 8.387103614e-06
5.920000000e-08 8.502892104e-06
5.930000000e-08 8.619896002e-06
5.940000000e-08 8.738121560e-06
5.950000000e-08 8.857574953e-06
5.960000000e-08 8.978262276e-06
5.970000000e-08 9.100189542e-06
5.980000000e-08 9.223362676e-06
5.990000000e-08 9.347787521e-06
6.000000000e-08 9.473469827e-06
6.010000000e-08 9.600415254e-06
6.020000000e-08 9.728629369e-06
6.030000000e-08 9.858117644e-06
6.040000000e-08 9.988885450e-06
6.050000000e-08 1.012093806e-05
6.060000000e-08 1.025428064e-05
6.070000000e-08 1.038891826e-05
6.080000000e-08 1.052485588e-05
6.090000000e-08 1.066209834e-05
6.100000000e-08 1.080065039e-05
6.110000000e-08 1.094051663e-05
6.120000000e-08 1.108170158e-05
6.130000000e-08 1.122420963e-05
6.140000000e-08 1.136804504e-05
6.150000000e-08 1.151321196e-05
6.160000000e-08 1.165971440e-05
6.170000000e-08 1.180755625e-05
6.180000000e-08 1.195674127e-05
6.190000000e-08 1.210727308e-05
6.200000000e-08 1.225915518e-05
6.210000000e-08 1.241239093e-05
6.220000000e-08 1.256698353e-05
6.230000000e-08 1.272293605e-05
6.240000000e-08 1.288025144e-05
6.250000000e-08 1.303893246e-05
6.260000000e-08 1.319898175e-05
6.270000000e-08 1.336040179e-05
6.280000000e-08 1.352319492e-05
6.290000000e-08 1.368736329e-05
6.300000000e-08 1.385290894e-05
6.310000000e-08 1.401983370e-05
6.320000000e-08 1.418813927e-05
6.330000000e-08 1.435782719e-05
6.340000000e-08 1.452889880e-05
6.350000000e-08 1.470135530e-05
6.360000000e-08 1.487519770e-05
6.370000000e-08 1.505042685e-05
6.380000000e-08 1.522704343e-05
6.390000000e-08 1.540504791e-05
6.400000000e-08 1.558444061e-05
6.410000000e-08 1.576522166e-05
6.420000000e-08 1.594739100e-05
6.430000000e-08 1.613094838e-05
6.440000000e-08 1.631589338e-05
6.450000000e-08 1.650222536e-05
6.460000000e-08 1.668994351e-05
6.470000000e-08 1.687904682e-05
6.480000000e-08 1.706953408e-05
6.490000000e-08 1.726140388e-05
6.500000000e-08 1.745465461e-05
6.510000000e-08 1.764928446e-05
6.520000000e-08 1.784529140e-05
6.530000000e-08 1.804267322e-05
6.540000000e-08 1.824142747e-05
6.550000000e-08 1.844155152e-05
6.560000000e-08 1.864304249e-05
6.570000000e-08 1.884589733e-05
6.580000000e-08 1.905011274e-05
6.590000000e-08 1.925568522e-05
6.600000000e-08 1.946261103e-05
6.610000000e-08 1.967088623e-05
6.620000000e-08 1.988050665e-05
6.630000000e-08 2.009146789e-05
6.640000000e-08 2.030376533e-05
6.650000000e-08 2.051739412e-05
6.660000000e-08 2.073234917e-05
6.670000000e-08 2.094862517e-05
6.680000000e-08 2.116621658e-05
6.690000000e-08 2.138511763e-05
6.700000000e-08 2.160532229e-05
6.710000000e-08 2.182682431e-05
6.720000000e-08 2.204961722e-05
6.730000000e-08 2.227369427e-05
6.740000000e-08 2.249904851e-05
6.750000000e-08 2.272567272e-05
6.760000000e-08 2.295355944e-05
6.770000000e-08 2.318270098e-05
6.780000000e-08 2.341308940e-05
6.790000000e-08 2.364471651e-05
6.800000000e-08 2.387757387e-05
6.810000000e-08 2.411165279e-05
6.820000000e-08 2.434694436e-05
6.830000000e-08 2.458343937e-05
6.840000000e-08 2.482112840e-05
6.850000000e-08 2.506000176e-05
6.860000000e-08 2.530004952e-05
6.870000000e-08 2.554126149e-05
6.880000000e-08 2.578362722e-05
6.890000000e-08 2.602713601e-05
6.900000000e-08 2.627177692e-05
6.910000000e-08 2.651753874e-05
6.920000000e-08 2.676441000e-05
6.930000000e-08 2.701237899e-05
6.940000000e-08 2.726143374e-05
6.950000000e-08 2.751156201e-05
6.960000000e-08 2.776275133e-05
6.970000000e-08 2.801498895e-05
6.980000000e-08 2.826826187e-05
6.990000000e-08 2.852255683e-05
7.000000000e-08 2.877786034e-05
7.010000000e-08 2.903415861e-05
7.020000000e-08 2.929143762e-05
7.030000000e-08 2.954968311e-05
7.040000000e-08 2.980888052e-05
7.050000000e-08 3.006901507e-05
7.060000000e-08 3.033007172e-05
7.070000000e-08 3.059203517e-05
7.080000000e-08 3.085488986e-05
7.090000000e-08 3.111861998e-05
7.100000000e-08 3.138320948e-05
7.110000000e-08 3.164864204e-05
7.120000000e-08 3.191490110e-05
7.130000000e-08 3.218196985e-05
7.140000000e-08 3.244983122e-05
7.150000000e-08 3.271846791e-05
7.160000000e-08 3.298786236e-05
7.170000000e-08 3.325799675e-05
7.180000000e-08 3.352885305e-05
7.190000000e-08 3.380041295e-05
7.200000000e-08 3.407265792e-05
7.210000000e-08 3.434556918e-05
7.220000000e-08 3.461912771e-05
7.230000000e-08 3.489331425e-05
7.240000000e-08 3.516810931e-05
7.250000000e-08 3.544349317e-05
7.260000000e-08 3.571944585e-05
7.270000000e-08 3.599594716e-05
7.280000000e-08 3.627297668e-05
7.290000000e-08 3.655051375e-05
7.300000000e-08 3.682853749e-05
7.310000000e-08 3.710702679e-05
7.320000000e-08 3.738596034e-05
7.330000000e-08 3.766531658e-05
7.340000000e-08 3.794507375e-05
7.350000000e-08 3.822520986e-05
7.360000000e-08 3.850570273e-05
7.370000000e-08 3.878652994e-05
7.380000000e-08 3.906766888e-05
7.390000000e-08 3.934909673e-05
7.400000000e-08 3.963079047e-05
7.410000000e-08 3.991272686e-05
7.420000000e-08 4.019488250e-05
7.430000000e-08 4.047723375e-05
7.440000000e-08 4.075975681e-05
7.450000000e-08 4.104242768e-05
7.460000000e-08 4.132522217e-05
7.470000000e-08 4.160811590e-05
7.480000000e-08 4.189108433e-05
7.490000000e-08 4.217410272e-05
7.500000000e-08 4.245714618e-05
7.510000000e-08 4.274018962e-05
7.520000000e-08 4.302320780e-05
7.530000000e-08 4.330617533e-05
7.540000000e-08 4.358906661e-05
7.550000000e-08 4.387185594e-05
7.560000000e-08 4.415451744e-05
7.570000000e-08 4.443702507e-05
7.580000000e-08 4.471935265e-05
7.590000000e-08 4.500147388e-05
7.600000000e-08 4.528336228e-05
7.610000000e-08 4.556499128e-05
7.620000000e-08 4.584633413e-05
7.630000000e-08 4.612736400e-05
7.640000000e-08 4.640805391e-05
7.650000000e-08 4.668837676e-05
7.660000000e-08 4.696830534e-05
7.670000000e-08 4.724781234e-05
7.680000000e-08 4.752687032e-05
7.690000000e-08 4.780545176e-05
7.700000000e-08 4.808352902e-05
7.710000000e-08 4.836107439e-05
7.720000000e-08 4.863806006e-05
7.730000000e-08 4.891445812e-05
7.740000000e-08 4.919024060e-05
7.750000000e-08 4.946537945e-05
7.760000000e-08 4.973984654e-05
7.770000000e-08 5.001361368e-05
7.780000000e-08 5.028665262e-05
7.790000000e-08 5.055893505e-05
7.800000000e-08 5.083043260e-05
7.810000000e-08 5.110111685e-05
7.820000000e-08 5.137095936e-05
7.830000000e-08 5.163993163e-05
7.840000000e-08 5.190800514e-05
7.850000000e-08 5.217515132e-05
7.860000000e-08 5.244134160e-05
7.870000000e-08 5.270654738e-05
7.880000000e-08 5.297074005e-05
7.890000000e-08 5.323389098e-05
7.900000000e-08 5.349597156e-05
7.910000000e-08 5.375695316e-05
7.920000000e-08 5.401680717e-05
7.930000000e-08 5.427550498e-05
7.940000000e-08 5.453301800e-05
7.950000000e-08 5.478931768e-05
7.960000000e-08 5.504437546e-05
7.970000000e-08 5.529816285e-05
7.980000000e-08 5.555065138e-05
7.990000000e-08 5.580181262e-05
8.000000000e-08 5.605161820e-05
8.010000000e-08 5.630003980e-05
8.020000000e-08 5.654704914e-05
8.030000000e-08 5.679261804e-05
8.040000000e-08 5.703671835e-05
8.050000000e-08 5.727932203e-05
8.060000000e-08 5.752040109e-05
8.070000000e-08 5.775992765e-05
8.080000000e-08 5.799787391e-05
8.090000000e-08 5.823421216e-05
8.100000000e-08 5.846891480e-05
8.110000000e-08 5.870195433e-05
8.120000000e-08 5.893330337e-05
8.130000000e-08 5.916293466e-05
8.140000000e-08 5.939082104e-05
8.150000000e-08 5.961693551e-05
8.160000000e-08 5.984125117e-05
8.170000000e-08 6.006374129e-05
8.180000000e-08 6.028437926e-05
8.190000000e-08 6.050313864e-05
8.200000000e-08 6.071999312e-05
8.210000000e-08 6.093491657e-05
8.220000000e-08 6.114788302e-05
8.230000000e-08 6.135886666e-05
8.240000000e-08 6.156784186e-05
8.250000000e-08 6.177478318e-05
8.260000000e-08 6.197966536e-05
8.270000000e-08 6.218246332e-05
8.280000000e-08 6.238315220e-05
8.290000000e-08 6.258170730e-05
8.300000000e-08 6.277810418e-05
8.310000000e-08 6.297231857e-05
8.320000000e-08 6.316432643e-05
8.330000000e-08 6.335410393e-05
8.340000000e-08 6.354162748e-05
8.350000000e-08 6.372687373e-05
8.360000000e-08 6.390981953e-05
8.370000000e-08 6.409044200e-05
8.380000000e-08 6.426871850e-05
8.390000000e-08 6.444462663e-05
8.400000000e-08 6.461814425e-05
8.410000000e-08 6.478924948e-05
8.420000000e-08 6.495792071e-05
8.430000000e-08 6.512413658e-05
8.440000000e-08 6.528787602e-05
8.450000000e-08 6.544911823e-05
8.460000000e-08 6.560784269e-05
8.470000000e-08 6.576402918e-05
8.480000000e-08 6.591765774e-05
8.490000000e-08 6.606870874e-05
8.500000000e-08 6.621716282e-05
8.510000000e-08 6.636300094e-05
8.520000000e-08 6.650620437e-05
8.530000000e-08 6.664675466e-05
8.540000000e-08 6.678463371e-05
8.550000000e-08 6.691982373e-05
8.560000000e-08 6.705230724e-05
8.570000000e-08 6.718206709e-05
8.580000000e-08 6.730908648e-05
8.590000000e-08 6.743334891e-05
8.600000000e-08 6.755483825e-05
8.610000000e-08 6.767353868e-05
8.620000000e-08 6.778943475e-05
8.630000000e-08 6.790251135e-05
8.640000000e-08 6.801275370e-05
8.650000000e-08 6.812014741e-05
8.660000000e-08 6.822467843e-05
8.670000000e-08 6.832633305e-05
8.680000000e-08 6.842509796e-05
8.690000000e-08 6.852096018e-05
8.700000000e-08 6.861390713e-05
8.710000000e-08 6.870392659e-05
8.720000000e-08 6.879100670e-05
8.730000000e-08 6.887513600e-05
8.740000000e-08 6.895630339e-05
8.750000000e-08 6.903449817e-05
8.760000000e-08 6.910971001e-05
8.770000000e-08 6.918192897e-05
8.780000000e-08 6.925114550e-05
8.790000000e-08 6.931735045e-05
8.800000000e-08 6.938053503e-05
8.810000000e-08 6.944069089e-05
8.820000000e-08 6.949781005e-05
8.830000000e-08 6.955188493e-05
8.840000000e-08 6.960290835e-05
8.850000000e-08 6.965087354e-05
8.860000000e-08 6.969577413e-05
8.870000000e-08 6.973760414e-05
8.880000000e-08 6.977635802e-05
8.890000000e-08 6.981203061e-05
8.900000000e-08 6.984461716e-05
8.910000000e-08 6.987411333e-05
8.920000000e-08 6.990051521e-05
8.930000000e-08 6.992381926e-05
8.940000000e-08 6.994402239e-05
8.950000000e-08 6.996112191e-05
8.960000000e-08 6.997511554e-05
8.970000000e-08 6.998600140e-05
8.980000000e-08 6.999377805e-05
8.990000000e-08 6.999844446e-05
9.010000000e-08 7.000000000e-05
9.020000000e-08 7.000000000e-05
9.030000000e-08 7.000000000e-05
9.040000000e-08 7.000000000e-05
9.050000000e-08 7.000000000e-05
9.060000000e-08 7.000000000e-05
9.070000000e-08 7.000000000e-05
9.080000000e-08 7.000000000e-05
9.090000000e-08 7.000000000e-05
9.100000000e-08 7.000000000e-05
9.110000000e-08 7.000000000e-05
9.120000000e-08 7.000000000e-05
9.130000000e-08 7.000000000e-05
9.140000000e-08 7.000000000e-05
9.150000000e-08 7.000000000e-05
9.160000000e-08 7.000000000e-05
9.170000000e-08 7.000000000e-05
9.180000000e-08 7.000000000e-05
9.190000000e-08 7.000000000e-05
9.200000000e-08 7.000000000e-05
9.210000000e-08 7.000000000e-05
9.220000000e-08 7.000000000e-05
9.230000000e-08 7.000000000e-05
9.240000000e-08 7.000000000e-05
9.250000000e-08 7.000000000e-05
9.260000000e-08 7.000000000e-05
9.270000000e-08 7.000000000e-05
9.280000000e-08 7.000000000e-05
9.290000000e-08 7.000000000e-05
9.300000000e-08 7.000000000e-05
9.310000000e-08 7.000000000e-05
9.320000000e-08 7.000000000e-05
9.330000000e-08 7.000000000e-05
9.340000000e-08 7.000000000e-05
9.350000000e-08 7.000000000e-05
9.360000000e-08 7.000000000e-05
9.370000000e-08 7.000000000e-05
9.380000000e-08 7.000000000e-05
9.390000000e-08 7.000000000e-05
9.400000000e-08 7.000000000e-05
9.410000000e-08 7.000000000e-05
9.420000000e-08 7.000000000e-05
9.430000000e-08 7.000000000e-05
9.440000000e-08 7.000000000e-05
9.450000000e-08 7.000000000e-05
9.460000000e-08 7.000000000e-05
9.470000000e-08 7.000000000e-05
9.480000000e-08 7.000000000e-05
9.490000000e-08 7.000000000e-05
9.500000000e-08 7.000000000e-05
9.510000000e-08 7.000000000e-05
9.520000000e-08 7.000000000e-05
9.530000000e-08 7.000000000e-05
9.540000000e-08 7.000000000e-05
9.550000000e-08 7.000000000e-05
9.560000000e-08 7.000000000e-05
9.570000000e-08 7.000000000e-05
9.580000000e-08 7.000000000e-05
9.590000000e-08 7.000000000e-05
9.600000000e-08 7.000000000e-05
9.610000000e-08 7.000000000e-05
9.620000000e-08 7.000000000e-05
9.630000000e-08 7.000000000e-05
9.640000000e-08 7.000000000e-05
9.650000000e-08 7.000000000e-05
9.660000000e-08 7.000000000e-05
9.670000000e-08 7.000000000e-05
9.680000000e-08 7.000000000e-05
9.690000000e-08 7.000000000e-05
9.700000000e-08 7.000000000e-05
9.710000000e-08 7.000000000e-05
9.720000000e-08 7.000000000e-05
9.730000000e-08 7.000000000e-05
9.740000000e-08 7.000000000e-05
9.750000000e-08 7.000000000e-05
9.760000000e-08 7.000000000e-05
9.770000000e-08 7.000000000e-05
9.780000000e-08 7.000000000e-05
9.790000000e-08 7.000000000e-05
9.800000000e-08 7.000000000e-05
9.810000000e-08 7.000000000e-05
9.820000000e-08 7.000000000e-05
9.830000000e-08 7.000000000e-05
9.840000000e-08 7.000000000e-05
9.850000000e-08 7.000000000e-05
9.860000000e-08 7.000000000e-05
9.870000000e-08 7.000000000e-05
9.880000000e-08 7.000000000e-05
9.890000000e-08 7.000000000e-05
9.900000000e-08 7.000000000e-05
9.910000000e-08 7.000000000e-05
9.920000000e-08 7.000000000e-05
9.930000000e-08 7.000000000e-05
9.940000000e-08 7.000000000e-05
9.950000000e-08 7.000000000e-05
9.960000000e-08 7.000000000e-05
9.970000000e-08 7.000000000e-05
9.980000000e-08 7.000000000e-05
9.990000000e-08 7.000000000e-05
1.000000000e-07 7.000000000e-05
1.001000000e-07 7.000000000e-05
1.002000000e-07 7.000000000e-05
1.003000000e-07 7.000000000e-05
1.004000000e-07 7.000000000e-05
1.005000000e-07 7.000000000e-05
1.006000000e-07 7.000000000e-05
1.007000000e-07 7.000000000e-05
1.008000000e-07 7.000000000e-05
1.009000000e-07 7.000000000e-05
1.010000000e-07 7.000000000e-05
1.011000000e-07 7.000000000e-05
1.012000000e-07 7.000000000e-05
1.013000000e-07 7.000000000e-05
1.014000000e-07 7.000000000e-05
1.015000000e-07 7.000000000e-05
1.016000000e-07 7.000000000e-05
1.017000000e-07 7.000000000e-05
1.018000000e-07 7.000000000e-05
1.019000000e-07 7.000000000e-05
1.020000000e-07 7.000000000e-05
1.021000000e-07 7.000000000e-05
1.022000000e-07 7.000000000e-05
1.023000000e-07 7.000000000e-05
1.024000000e-07 7.000000000e-05
1.025000000e-07 7.000000000e-05
1.026000000e-07 7.000000000e-05
1.027000000e-07 7.000000000e-05
1.028000000e-07 7.000000000e-05
1.029000000e-07 7.000000000e-05
1.030000000e-07 7.000000000e-05
1.031000000e-07 7.000000000e-05
1.032000000e-07 7.000000000e-05
1.033000000e-07 7.000000000e-05
1.034000000e-07 7.000000000e-05
1.035000000e-07 7.000000000e-05
1.036000000e-07 7.000000000e-05
1.037000000e-07 7.000000000e-05
1.038000000e-07 7.000000000e-05
1.039000000e-07 7.000000000e-05
1.040000000e-07 7.000000000e-05
1.041000000e-07 7.000000000e-05
1.042000000e-07 7.000000000e-05
1.043000000e-07 7.000000000e-05
1.044000000e-07 7.000000000e-05
1.045000000e-07 7.000000000e-05
1.046000000e-07 7.000000000e-05
1.047000000e-07 7.000000000e-05
1.048000000e-07 7.000000000e-05
1.049000000e-07 7.000000000e-05
1.050000000e-07 7.000000000e-05
1.051000000e-07 7.000000000e-05
1.052000000e-07 7.000000000e-05
1.053000000e-07 7.000000000e-05
1.054000000e-07 7.000000000e-05
1.055000000e-07 7.000000000e-05
1.056000000e-07 7.000000000e-05
1.057000000e-07 7.000000000e-05
1.058000000e-07 7.000000000e-05
1.059000000e-07 7.000000000e-05
1.060000000e-07 7.000000000e-05
1.061000000e-07 7.000000000e-05
1.062000000e-07 7.000000000e-05
1.063000000e-07 7.000000000e-05
1.064000000e-07 7.000000000e-05
1.065000000e-07 7.000000000e-05
1.066000000e-07 7.000000000e-05
1.067000000e-07 7.000000000e-05
1.068000000e-07 7.000000000e-05
1.069000000e-07 7.000000000e-05
1.070000000e-07 7.000000000e-05
1.071000000e-07 7.000000000e-05
1.072000000e-07 7.000000000e-05
1.073000000e-07 7.000000000e-05
1.074000000e-07 7.000000000e-05
1.075000000e-07 7.000000000e-05
1.076000000e-07 7.000000000e-05
1.077000000e-07 7.000000000e-05
1.078000000e-07 7.000000000e-05
1.079000000e-07 7.000000000e-05
1.080000000e-07 7.000000000e-05
1.081000000e-07 7.000000000e-05
1.082000000e-07 7.000000000e-05
1.083000000e-07 7.000000000e-05
1.084000000e-07 7.000000000e-05
1.085000000e-07 7.000000000e-05
1.086000000e-07 7.000000000e-05
1.087000000e-07 7.000000000e-05
1.088000000e-07 7.000000000e-05
1.089000000e-07 7.000000000e-05
1.090000000e-07 7.000000000e-05
1.091000000e-07 7.000000000e-05
1.092000000e-07 7.000000000e-05
1.093000000e-07 7.000000000e-05
1.094000000e-07 7.000000000e-05
1.095000000e-07 7.000000000e-05
1.096000000e-07 7.000000000e-05
1.097000000e-07 7.000000000e-05
1.098000000e-07 7.000000000e-05
1.099000000e-07 7.000000000e-05
1.101000000e-07 6.999844446e-05
1.102000000e-07 6.999377805e-05
1.103000000e-07 6.998600140e-05
1.104000000e-07 6.997511554e-05
1.105000000e-07 6.996112191e-05
1.106000000e-07 6.994402239e-05
1.107000000e-07 6.992381926e-05
1.108000000e-07 6.990051521e-05
1.109000000e-07 6.987411333e-05
1.110000000e-07 6.984461716e-05
1.111000000e-07 6.981203061e-05
1.112000000e-07 6.977635802e-05
1.113000000e-07 6.973760414e-05
1.114000000e-07 6.969577413e-05
1.115000000e-07 6.965087354e-05
1.116000000e-07 6.960290835e-05
1.117000000e-07 6.955188493e-05
1.118000000e-07 6.949781005e-05
1.119000000e-07 6.944069089e-05
1.120000000e-07 6.938053503e-05
1.121000000e-07 6.931735045e-05
1.122000000e-07 6.925114550e-05
1.123000000e-07 6.918192897e-05
1.124000000e-07 6.910971001e-05
1.125000000e-07 6.903449817e-05
1.126000000e-07 6.895630339e-05
1.127000000e-07 6.887513600e-05
1.128000000e-07 6.879100670e-05
1.129000000e-07 6.870392659e-05
1.130000000e-07 6.861390713e-05
1.131000000e-07 6.852096018e-05
1.132000000e-07 6.842509796e-05
1.133000000e-07 6.832633305e-05
1.134000000e-07 6.822467843e-05
1.135000000e-07 6.812014741e-05
1.136000000e-07 6.801275370e-05
1.137000000e-07 6.790251135e-05
1.138000000e-07 6.778943475e-05
1.139000000e-07 6.767353868e-05
1.140000000e-07 6.755483825e-05
1.141000000e-07 6.743334891e-05
1.142000000e-07 6.730908648e-05
1.143000000e-07 6.718206709e-05
1.144000000e-07 6.705230724e-05
1.145000000e-07 6.691982373e-05
1.146000000e-07 6.678463371e-05
1.147000000e-07 6.664675466e-05
1.148000000e-07 6.650620437e-05
1.149000000e-07 6.636300094e-05
1.150000000e-07 6.621716282e-05
1.151000000e-07 6.606870874e-05
1.152000000e-07 6.591765774e-05
1.153000000e-07 6.576402918e-05
1.154000000e-07 6.560784269e-05
1.155000000e-07 6.544911823e-05
1.156000000e-07 6.528787602e-05
1.157000000e-07 6.512413658e-05
1.158000000e-07 6.495792071e-05
1.159000000e-07 6.478924948e-05
1.160000000e-07 6.461814425e-05
1.161000000e-07 6.444462663e-05
1.162000000e-07 6.426871850e-05
1.163000000e-07 6.409044200e-05
1.164000000e-07 6.390981953e-05
1.165000000e-07 6.372687373e-05
1.166000000e-07 6.354162748e-05
1.167000000e-07 6.335410393e-05
1.168000000e-07 6.316432643e-05
1.169000000e-07 6.297231857e-05
1.170000000e-07 6.277810418e-05
1.171000000e-07 6.258170730e-05
1.172000000e-07 6.238315220e-05
1.173000000e-07 6.218246332e-05
1.174000000e-07 6.197966536e-05
1.175000000e-07 6.177478318e-05
1.176000000e-07 6.156784186e-05
1.177000000e-07 6.135886666e-05
1.178000000e-07 6.114788302e-05
1.179000000e-07 6.093491657e-05
1.180000000e-07 6.071999312e-05
1.181000000e-07 6.050313864e-05
1.182000000e-07 6.028437926e-05
1.183000000e-07 6.006374129e-05
1.184000000e-07 5.984125117e-05
1.185000000e-07 5.961693551e-05
1.186000000e-07 5.939082104e-05
1.187000000e-07 5.916293466e-05
1.188000000e-07 5.893330337e-05
1.189000000e-07 5.870195433e-05
1.190000000e-07 5.846891480e-05
1.191000000e-07 5.823421216e-05
1.192000000e-07 5.799787391e-05
1.193000000e-07 5.775992765e-05
1.194000000e-07 5.752040109e-05
1.195000000e-07 5.727932203e-05
1.196000000e-07 5.703671835e-05
1.197000000e-07 5.679261804e-05
1.198000000e-07 5.654704914e-05
1.199000000e-07 5.630003980e-05
1.200000000e-07 5.605161820e-05
1.201000000e-07 5.580181262e-05
1.202000000e-07 5.555065138e-05
1.203000000e-07 5.529816285e-05
1.204000000e-07 5.504437546e-05
1.205000000e-07 5.478931768e-05
1.206000000e-07 5.453301800e-05
1.207000000e-07 5.427550498e-05
1.208000000e-07 5.401680717e-05
1.209000000e-07 5.375695316e-05
1.210000000e-07 5.349597156e-05
1.211000000e-07 5.323389098e-05
1.212000000e-07 5.297074005e-05
1.213000000e-07 5.270654738e-05
1.214000000e-07 5.244134160e-05
1.215000000e-07 5.217515132e-05
1.216000000e-07 5.190800514e-05
1.217000000e-07 5.163993163e-05
1.218000000e-07 5.137095936e-05
1.219000000e-07 5.110111685e-05
1.220000000e-07 5.083043260e-05
1.221000000e-07 5.055893505e-05
1.222000000e-07 5.028665262e-05
1.223000000e-07 5.001361368e-05
1.224000000e-07 4.973984654e-05
1.225000000e-07 4.946537945e-05
1.226000000e-07 4.919024060e-05
1.227000000e-07 4.891445812e-05
1.228000000e-07 4.863806006e-05
1.229000000e-07 4.836107439e-05
1.230000000e-07 4.808352902e-05
1.231000000e-07 4.780545176e-05
1.232000000e-07 4.752687032e-05
1.233000000e-07 4.724781234e-05
1.234000000e-07 4.696830534e-05
1.235000000e-07 4.668837676e-05
1.236000000e-07 4.640805391e-05
1.237000000e-07 4.612736400e-05
1.238000000e-07 4.584633413e-05
1.239000000e-07 4.556499128e-05
1.240000000e-07 4.528336228e-05
1.241000000e-07 4.500147388e-05
1.242000000e-07 4.471935265e-05
1.243000000e-07 4.443702507e-05
1.244000000e-07 4.415451744e-05
1.245000000e-07 4.387185594e-05
1.246000000e-07 4.358906661e-05
1.247000000e-07 4.330617533e-05
1.248000000e-07 4.302320780e-05
1.249000000e-07 4.274018962e-05
1.250000000e-07 4.245714618e-05
1.251000000e-07 4.217410272e-05
1.252000000e-07 4.189108433e-05
1.253000000e-07 4.160811590e-05
1.254000000e-07 4.132522217e-05
1.255000000e-07 4.104242768e-05
1.256000000e-07 4.075975681e-05
1.257000000e-07 4.047723375e-05
1.258000000e-07 4.019488250e-05
1.259000000e-07 3.991272686e-05
1.260000000e-07 3.963079047e-05
1.261000000e-07 3.934909673e-05
1.262000000e-07 3.906766888e-05
1.263000000e-07 3.878652994e-05
1.264000000e-07 3.850570273e-05
1.265000000e-07 3.822520986e-05
1.266000000e-07 3.794507375e-05
1.267000000e-07 3.766531658e-05
1.268000000e-07 3.738596034e-05
1.269000000e-07 3.710702679e-05
1.270000000e-07 3.682853749e-05
1.271000000e-07 3.655051375e-05
1.272000000e-07 3.627297668e-05
1.273000000e-07 3.599594716e-05
1.274000000e-07 3.571944585e-05
1.275000000e-07 3.544349317e-05
1.276000000e-07 3.516810931e-05
1.277000000e-07 3.489331425e-05
1.278000000e-07 3.461912771e-05
1.279000000e-07 3.434556918e-05
1.280000000e-07 3.407265792e-05
1.281000000e-07 3.380041295e-05
1.282000000e-07 3.352885305e-05
1.283000000e-07 3.325799675e-05
1.284000000e-07 3.298786236e-05
1.285000000e-07 3.271846791e-05
1.286000000e-07 3.244983122e-05
1.287000000e-07 3.218196985e-05
1.288000000e-07 3.191490110e-05
1.289000000e-07 3.164864204e-05
1.290000000e-07 3.138320948e-05
1.291000000e-07 3.111861998e-05
1.292000000e-07 3.085488986e-05
1.293000000e-07 3.059203517e-05
1.294000000e-07 3.033007172e-05
1.295000000e-07 3.006901507e-05
1.296000000e-07 2.980888052e-05
1.297000000e-07 2.954968311e-05
1.298000000e-07 2.929143762e-05
1.299000000e-07 2.903415861e-05
1.300000000e-07 2.877786034e-05
1.301000000e-07 2.852255683e-05
1.302000000e-07 2.826826187e-05
1.303000000e-07 2.801498895e-05
1.304000000e-07 2.776275133e-05
1.305000000e-07 2.751156201e-05
1.306000000e-07 2.726143374e-05
1.307000000e-07 2.701237899e-05
1.308000000e-07 2.676441000e-05
1.309000000e-07 2.651753874e-05
1.310000000e-07 2.627177692e-05
1.311000000e-07 2.602713601e-05
1.312000000e-07 2.578362722e-05
1.313000000e-07 2.554126149e-05
1.314000000e-07 2.530004952e-05
1.315000000e-07 2.506000176e-05
1.316000000e-07 2.482112840e-05
1.317000000e-07 2.458343937e-05
1.318000000e-07 2.434694436e-05
1.319000000e-07 2.411165279e-05
1.320000000e-07 2.387757387e-05
1.321000000e-07 2.364471651e-05
1.322000000e-07 2.341308940e-05
1.323000000e-07 2.318270098e-05
1.324000000e-07 2.295355944e-05
1.325000000e-07 2.272567272e-05
1.326000000e-07 2.249904851e-05
1.327000000e-07 2.227369427e-05
1.328000000e-07 2.204961722e-05
1.329000000e-07 2.182682431e-05
1.330000000e-07 2.160532229e-05
1.331000000e-07 2.138511763e-05
1.332000000e-07 2.116621658e-05
1.333000000e-07 2.094862517e-05
1.334000000e-07 2.073234917e-05
1.335000000e-07 2.051739412e-05
1.336000000e-07 2.030376533e-05
1.337000000e-07 2.009146789e-05
1.338000000e-07 1.988050665e-05
1.339000000e-07 1.967088623e-05
1.340000000e-07 1.946261103e-05
1.341000000e-07 1.925568522e-05
1.342000000e-07 1.905011274e-05
1.343000000e-07 1.884589733e-05
1.344000000e-07 1.864304249e-05
1.345000000e-07 1.844155152e-05
1.346000000e-07 1.824142747e-05
1.347000000e-07 1.804267322e-05
1.348000000e-07 1.784529140e-05
1.349000000e-07 1.764928446e-05
1.350000000e-07 1.745465461e-05
1.351000000e-07 1.726140388e-05
1.352000000e-07 1.706953408e-05
1.353000000e-07 1.687904682e-05
1.354000000e-07 1.668994351e-05
1.355000000e-07 1.650222536e-05
1.356000000e-07 1.631589338e-05
1.357000000e-07 1.613094838e-05
1.358000000e-07 1.594739100e-05
1.359000000e-07 1.576522166e-05
1.360000000e-07 1.558444061e-05
1.361000000e-07 1.540504791e-05
1.362000000e-07 1.522704343e-05
1.363000000e-07 1.505042685e-05
1.364000000e-07 1.487519770e-05
1.365000000e-07 1.470135530e-05
1.366000000e-07 1.452889880e-05
1.367000000e-07 1.435782719e-05
1.368000000e-07 1.418813927e-05
1.369000000e-07 1.401983370e-05
1.370000000e-07 1.385290894e-05
1.371000000e-07 1.368736329e-05
1.372000000e-07 1.352319492e-05
1.373000000e-07 1.336040179e-05
1.374000000e-07 1.319898175e-05
1.375000000e-07 1.303893246e-05
1.376000000e-07 1.288025144e-05
1.377000000e-07 1.272293605e-05
1.378000000e-07 1.256698353e-05
1.379000000e-07 1.241239093e-05
1.380000000e-07 1.225915518e-05
1.381000000e-07 1.210727308e-05
1.382000000e-07 1.195674127e-05
1.383000000e-07 1.180755625e-05
1.384000000e-07 1.165971440e-05
1.385000000e-07 1.151321196e-05
1.386000000e-07 1.136804504e-05
1.387000000e-07 1.122420963e-05
1.388000000e-07 1.108170158e-05
1.389000000e-07 1.094051663e-05
1.390000000e-07 1.080065039e-05
1.391000000e-07 1.066209834e-05
1.392000000e-07 1.052485588e-05
1.393000000e-07 1.038891826e-05
1.394000000e-07 1.025428064e-05
1.395000000e-07 1.012093806e-05
1.396000000e-07 9.988885450e-06
1.397000000e-07 9.858117644e-06
1.398000000e-07 9.728629369e-06
1.399000000e-07 9.600415254e-06
1.400000000e-07 9.473469827e-06
1.401000000e-07 9.347787521e-06
1.402000000e-07 9.223362676e-06
1.403000000e-07 9.100189542e-06
1.404000000e-07 8.978262276e-06
1.405000000e-07 8.857574953e-06
1.406000000e-07 8.738121560e-06
1.407000000e-07 8.619896002e-06
1.408000000e-07 8.502892104e-06
1.409000000e-07 8.387103614e-06
1.410000000e-07 8.272524203e-06
1.411000000e-07 8.159147467e-06
1.412000000e-07 8.046966934e-06
1.413000000e-07 7.935976059e-06
1.414000000e-07 7.826168230e-06
1.415000000e-07 7.717536771e-06
1.416000000e-07 7.610074943e-06
1.417000000e-07 7.503775945e-06
1.418000000e-07 7.398632916e-06
1.419000000e-07 7.294638939e-06
1.420000000e-07 7.191787043e-06
1.421000000e-07 7.090070202e-06
1.422000000e-07 6.989481340e-06
1.423000000e-07 6.890013331e-06
1.424000000e-07 6.791659003e-06
1.425000000e-07 6.694411138e-06
1.426000000e-07 6.598262476e-06
1.427000000e-07 6.503205714e-06
1.428000000e-07 6.409233510e-06
1.429000000e-07 6.316338484e-06
1.430000000e-07 6.224513222e-06
1.431000000e-07 6.133750274e-06
1.432000000e-07 6.044042160e-06
1.433000000e-07 5.955381366e-06
1.434000000e-07 5.867760353e-06
1.435000000e-07 5.781171554e-06
1.436000000e-07 5.695607377e-06
1.437000000e-07 5.611060205e-06
1.438000000e-07 5.527522402e-06
1.439000000e-07 5.444986309e-06
1.440000000e-07 5.363444253e-06
1.441000000e-07 5.282888539e-06
1.442000000e-07 5.203311460e-06
1.443000000e-07 5.124705294e-06
1.444000000e-07 5.047062310e-06
1.445000000e-07 4.970374762e-06
1.446000000e-07 4.894634898e-06
1.447000000e-07 4.819834958e-06
1.448000000e-07 4.745967177e-06
1.449000000e-07 4.673023783e-06
1.450000000e-07 4.600997003e-06
1.451000000e-07 4.529879062e-06
1.452000000e-07 4.459662185e-06
1.453000000e-07 4.390338597e-06
1.454000000e-07 4.321900526e-06
1.455000000e-07 4.254340205e-06
1.456000000e-07 4.187649871e-06
1.457000000e-07 4.121821767e-06
1.458000000e-07 4.056848145e-06
1.459000000e-07 3.992721265e-06
1.460000000e-07 3.929433398e-06
1.461000000e-07 3.866976826e-06
1.462000000e-07 3.805343842e-06
1.463000000e-07 3.744526756e-06
1.464000000e-07 3.684517889e-06
1.465000000e-07 3.625309582e-06
1.466000000e-07 3.566894189e-06
1.467000000e-07 3.509264085e-06
1.468000000e-07 3.452411664e-06
1.469000000e-07 3.396329338e-06
1.470000000e-07 3.341009543e-06
1.471000000e-07 3.286444736e-06
1.472000000e-07 3.232627397e-06
1.473000000e-07 3.179550029e-06
1.474000000e-07 3.127205163e-06
1.475000000e-07 3.075585354e-06
1.476000000e-07 3.024683183e-06
1.477000000e-07 2.974491261e-06
1.478000000e-07 2.925002227e-06
1.479000000e-07 2.876208748e-06
1.480000000e-07 2.828103521e-06
1.481000000e-07 2.780679277e-06
1.482000000e-07 2.733928775e-06
1.483000000e-07 2.687844810e-06
1.484000000e-07 2.642420206e-06
1.485000000e-07 2.597647826e-06
1.486000000e-07 2.553520563e-06
1.487000000e-07 2.510031347e-06
1.488000000e-07 2.467173146e-06
1.489000000e-07 2.424938961e-06
1.490000000e-07 2.383321831e-06
1.491000000e-07 2.342314836e-06
1.492000000e-07 2.301911090e-06
1.493000000e-07 2.262103748e-06
1.494000000e-07 2.222886003e-06
1.495000000e-07 2.184251091e-06
1.496000000e-07 2.146192286e-06
1.497000000e-07 2.108702901e-06
1.498000000e-07 2.071776296e-06
1.499000000e-07 2.035405867e-06
1.500000000e-07 1.999585055e-06
1.501000000e-07 1.964307344e-06
1.502000000e-07 1.929566260e-06
1.503000000e-07 1.895355374e-06
1.504000000e-07 1.861668297e-06
1.505000000e-07 1.828498690e-06
1.506000000e-07 1.795840253e-06
1.507000000e-07 1.763686734e-06
1.508000000e-07 1.732031924e-06
1.509000000e-07 1.700869663e-06
1.510000000e-07 1.670193832e-06
1.511000000e-07 1.639998360e-06
1.512000000e-07 1.610277224e-06
1.513000000e-07 1.581024445e-06
1.514000000e-07 1.552234091e-06
1.515000000e-07 1.523900277e-06
1.516000000e-07 1.496017165e-06
1.517000000e-07 1.468578964e-06
1.518000000e-07 1.441579931e-06
1.519000000e-07 1.415014370e-06
1.520000000e-07 1.388876632e-06
1.521000000e-07 1.363161117e-06
1.522000000e-07 1.337862271e-06
1.523000000e-07 1.312974589e-06
1.524000000e-07 1.288492615e-06
1.525000000e-07 1.264410939e-06
1.526000000e-07 1.240724201e-06
1.527000000e-07 1.217427087e-06
1.528000000e-07 1.194514333e-06
1.529000000e-07 1.171980722e-06
1.530000000e-07 1.149821086e-06
1.531000000e-07 1.128030306e-06
1.532000000e-07 1.106603309e-06
1.533000000e-07 1.085535073e-06
1.534000000e-07 1.064820620e-06
1.535000000e-07 1.044455025e-06
1.536000000e-07 1.024433407e-06
1.537000000e-07 1.004750937e-06
1.538000000e-07 9.854028290e-07
1.539000000e-07 9.663843492e-07
1.540000000e-07 9.476908096e-07
1.541000000e-07 9.293175699e-07
1.542000000e-07 9.112600379e-07
1.543000000e-07 8.935136685e-07
1.544000000e-07 8.760739639e-07
1.545000000e-07 8.589364737e-07
1.546000000e-07 8.420967945e-07
1.547000000e-07 8.255505698e-07
1.548000000e-07 8.092934897e-07
1.549000000e-07 7.933212913e-07
1.550000000e-07 7.776297577e-07
1.551000000e-07 7.622147185e-07
1.552000000e-07 7.470720494e-07
1.553000000e-07 7.321976719e-07
1.554000000e-07 7.175875531e-07
1.555000000e-07 7.032377060e-07
1.556000000e-07 6.891441883e-07
1.557000000e-07 6.753031034e-07
1.558000000e-07 6.617105991e-07
1.559000000e-07 6.483628680e-07
1.560000000e-07 6.352561471e-07
1.561000000e-07 6.223867177e-07
1.562000000e-07 6.097509048e-07
1.563000000e-07 5.973450774e-07
1.564000000e-07 5.851656476e-07
1.565000000e-07 5.732090710e-07
1.566000000e-07 5.614718460e-07
1.567000000e-07 5.499505135e-07
1.568000000e-07 5.386416573e-07
1.569000000e-07 5.275419028e-07
1.570000000e-07 5.166479176e-07
1.571000000e-07 5.059564109e-07
1.572000000e-07 4.954641329e-07
1.573000000e-07 4.851678752e-07
1.574000000e-07 4.750644699e-07
1.575000000e-07 4.651507898e-07
1.576000000e-07 4.554237475e-07
1.577000000e-07 4.458802958e-07
1.578000000e-07 4.365174270e-07
1.579000000e-07 4.273321724e-07
1.580000000e-07 4.183216027e-07
1.581000000e-07 4.094828268e-07
1.582000000e-07 4.008129924e-07
1.583000000e-07 3.923092850e-07
1.584000000e-07 3.839689278e-07
1.585000000e-07 3.757891816e-07
1.586000000e-07 3.677673441e-07
1.587000000e-07 3.599007499e-07
1.588000000e-07 3.521867702e-07
1.589000000e-07 3.446228122e-07
1.590000000e-07 3.372063190e-07
1.591000000e-07 3.299347691e-07
1.592000000e-07 3.228056764e-07
1.593000000e-07 3.158165895e-07
1.594000000e-07 3.089650917e-07
1.595000000e-07 3.022488005e-07
1.596000000e-07 2.956653673e-07
1.597000000e-07 2.892124769e-07
1.598000000e-07 2.828878476e-07
1.599000000e-07 2.766892307e-07
1.600000000e-07 2.706144098e-07
1.601000000e-07 2.646612009e-07
1.602000000e-07 2.588274522e-07
1.603000000e-07 2.531110433e-07
1.604000000e-07 2.475098851e-07
1.605000000e-07 2.420219196e-07
1.606000000e-07 2.366451193e-07
1.607000000e-07 2.313774873e-07
1.608000000e-07 2.262170565e-07
1.609000000e-07 2.211618896e-07
1.610000000e-07 2.162100786e-07
1.611000000e-07 2.113597445e-07
1.612000000e-07 2.066090373e-07
1.613000000e-07 2.019561351e-07
1.614000000e-07 1.973992443e-07
1.615000000e-07 1.929365990e-07
1.616000000e-07 1.885664606e-07
1.617000000e-07 1.842871180e-07
1.618000000e-07 1.800968867e-07
1.619000000e-07 1.759941087e-07
1.620000000e-07 1.719771522e-07
1.621000000e-07 1.680444115e-07
1.622000000e-07 1.641943063e-07
1.623000000e-07 1.604252816e-07
1.624000000e-07 1.567358073e-07
1.625000000e-07 1.531243783e-07
1.626000000e-07 1.495895134e-07
1.627000000e-07 1.461297558e-07
1.628000000e-07 1.427436724e-07
1.629000000e-07 1.394298535e-07
1.630000000e-07 1.361869125e-07
1.631000000e-07 1.330134859e-07
1.632000000e-07 1.299082327e-07
1.633000000e-07 1.268698341e-07
1.634000000e-07 1.238969933e-07
1.635000000e-07 1.209884354e-07
1.636000000e-07 1.181429067e-07
1.637000000e-07 1.153591749e-07
1.638000000e-07 1.126360284e-07
1.639000000e-07 1.099722761e-07
1.640000000e-07 1.073667476e-07
1.641000000e-07 1.048182920e-07
1.642000000e-07 1.023257787e-07
1.643000000e-07 9.988809616e-08
1.644000000e-07 9.750415237e-08
1.645000000e-07 9.517287412e-08
1.646000000e-07 9.289320696e-08
1.647000000e-07 9.066411485e-08
1.648000000e-07 8.848457993e-08
1.649000000e-07 8.635360229e-08
1.650000000e-07 8.427019964e-08
1.651000000e-07 8.223340712e-08
1.652000000e-07 8.024227703e-08
1.653000000e-07 7.829587859e-08
1.654000000e-07 7.639329767e-08
1.655000000e-07 7.453363657e-08
1.656000000e-07 7.271601376e-08
1.657000000e-07 7.093956368e-08
1.658000000e-07 6.920343645e-08
1.659000000e-07 6.750679766e-08
1.660000000e-07 6.584882814e-08
1.661000000e-07 6.422872375e-08
1.662000000e-07 6.264569510e-08
1.663000000e-07 6.109896738e-08
1.664000000e-07 5.958778009e-08
1.665000000e-07 5.811138687e-08
1.666000000e-07 5.666905524e-08
1.667000000e-07 5.526006640e-08
1.668000000e-07 5.388371501e-08
1.669000000e-07 5.253930899e-08
1.670000000e-07 5.122616932e-08
1.671000000e-07 4.994362980e-08
1.672000000e-07 4.869103688e-08
1.673000000e-07 4.746774943e-08
1.674000000e-07 4.627313856e-08
1.675000000e-07 4.510658744e-08
1.676000000e-07 4.396749105e-08
1.677000000e-07 4.285525604e-08
1.678000000e-07 4.176930051e-08
1.679000000e-07 4.070905385e-08
1.680000000e-07 3.967395652e-08
1.681000000e-07 3.866345990e-08
1.682000000e-07 3.767702608e-08
1.683000000e-07 3.671412771e-08
1.684000000e-07 3.577424778e-08
1.685000000e-07 3.485687951e-08
1.686000000e-07 3.396152611e-08
1.687000000e-07 3.308770066e-08
1.688000000e-07 3.223492593e-08
1.689000000e-07 3.140273420e-08
1.690000000e-07 3.059066709e-08
1.691000000e-07 2.979827545e-08
1.692000000e-07 2.902511914e-08
1.693000000e-07 2.827076689e-08
1.694000000e-07 2.753479620e-08
1.695000000e-07 2.681679308e-08
1.696000000e-07 2.611635202e-08
1.697000000e-07 2.543307573e-08
1.698000000e-07 2.476657509e-08
1.699000000e-07 2.411646894e-08
