3.750000000e-08 1.626993745e-07
3.760000000e-08 1.670926776e-07
3.770000000e-08 1.715969846e-07
3.780000000e-08 1.762148818e-07
3.790000000e-08 1.809490104e-07
3.800000000e-08 1.858020664e-07
3.810000000e-08 1.907768022e-07
3.820000000e-08 1.958760278e-07
3.830000000e-08 2.011026112e-07
3.840000000e-08 2.064594799e-07
3.850000000e-08 2.119496220e-07
3.860000000e-08 2.175760869e-07
3.870000000e-08 2.233419868e-07
3.880000000e-08 2.292504974e-07
3.890000000e-08 2.353048595e-07
3.900000000e-08 2.415083794e-07
3.910000000e-08 2.478644310e-07
3.920000000e-08 2.543764563e-07
3.930000000e-08 2.610479664e-07
3.940000000e-08 2.678825436e-07
3.950000000e-08 2.748838416e-07
3.960000000e-08 2.820555874e-07
3.970000000e-08 2.894015821e-07
3.980000000e-08 2.969257025e-07
3.990000000e-08 3.046319023e-07
4.000000000e-08 3.125242130e-07
4.010000000e-08 3.206067458e-07
4.020000000e-08 3.288836925e-07
4.030000000e-08 3.373593269e-07
4.040000000e-08 3.460380065e-07
4.050000000e-08 3.549241732e-07
4.060000000e-08 3.640223552e-07
4.070000000e-08 3.733371683e-07
4.080000000e-08 3.828733172e-07
4.090000000e-08 3.926355970e-07
4.100000000e-08 4.026288948e-07
4.110000000e-08 4.128581906e-07
4.120000000e-08 4.233285597e-07
4.130000000e-08 4.340451732e-07
4.140000000e-08 4.450133002e-07
4.150000000e-08 4.562383093e-07
4.160000000e-08 4.677256695e-07
4.170000000e-08 4.794809525e-07
4.180000000e-08 4.915098341e-07
4.190000000e-08 5.038180954e-07
4.200000000e-08 5.164116248e-07
4.210000000e-08 5.292964196e-07
4.220000000e-08 5.424785874e-07
4.230000000e-08 5.559643480e-07
4.240000000e-08 5.697600350e-07
4.250000000e-08 5.838720975e-07
4.260000000e-08 5.983071016e-07
4.270000000e-08 6.130717324e-07
4.280000000e-08 6.281727957e-07
4.290000000e-08 6.436172196e-07
4.300000000e-08 6.594120564e-07
4.310000000e-08 6.755644843e-07
4.320000000e-08 6.920818091e-07
4.330000000e-08 7.089714665e-07
4.340000000e-08 7.262410233e-07
4.350000000e-08 7.438981795e-07
4.360000000e-08 7.619507703e-07
4.370000000e-08 7.804067679e-07
4.380000000e-08 7.992742832e-07
4.390000000e-08 8.185615679e-07
4.400000000e-08 8.382770164e-07
4.410000000e-08 8.584291677e-07
4.420000000e-08 8.790267074e-07
4.430000000e-08 9.000784694e-07
4.440000000e-08 9.215934382e-07
4.450000000e-08 9.435807509e-07
4.460000000e-08 9.660496989e-07
4.470000000e-08 9.890097301e-07
4.480000000e-08 1.012470451e-06
4.490000000e-08 1.036441629e-06
4.500000000e-08 1.060933192e-06
4.510000000e-08 1.085955237e-06
4.520000000e-08 1.111518022e-06
4.530000000e-08 1.137631979e-06
4.540000000e-08 1.164307708e-06
4.550000000e-08 1.191555983e-06
4.560000000e-08 1.219387753e-06
4.570000000e-08 1.247814144e-06
4.580000000e-08 1.276846461e-06
4.590000000e-08 1.306496192e-06
4.600000000e-08 1.336775007e-06
4.610000000e-08 1.367694764e-06
4.620000000e-08 1.399267508e-06
4.630000000e-08 1.431505473e-06
4.640000000e-08 1.464421087e-06
4.650000000e-08 1.498026973e-06
4.660000000e-08 1.532335949e-06
4.670000000e-08 1.567361035e-06
4.680000000e-08 1.603115448e-06
4.690000000e-08 1.639612613e-06
4.700000000e-08 1.676866157e-06
4.710000000e-08 1.714889918e-06
4.720000000e-08 1.753697943e-06
4.730000000e-08 1.793304491e-06
4.740000000e-08 1.833724035e-06
4.750000000e-08 1.874971268e-06
4.760000000e-08 1.917061098e-06
4.770000000e-08 1.960008659e-06
4.780000000e-08 2.003829304e-06
4.790000000e-08 2.048538616e-06
4.800000000e-08 2.094152404e-06
4.810000000e-08 2.140686707e-06
4.820000000e-08 2.188157799e-06
4.830000000e-08 2.236582186e-06
4.840000000e-08 2.285976614e-06
4.850000000e-08 2.336358067e-06
4.860000000e-08 2.387743770e-06
4.870000000e-08 2.440151194e-06
4.880000000e-08 2.493598053e-06
4.890000000e-08 2.548102312e-06
4.900000000e-08 2.603682187e-06
4.910000000e-08 2.660356143e-06
4.920000000e-08 2.718142903e-06
4.930000000e-08 2.777061448e-06
4.940000000e-08 2.837131014e-06
4.950000000e-08 2.898371104e-06
4.960000000e-08 2.960801480e-06
4.970000000e-08 3.024442173e-06
4.980000000e-08 3.089313478e-06
4.990000000e-08 3.155435965e-06
5.000000000e-08 3.222830472e-06
5.010000000e-08 3.291518113e-06
5.020000000e-08 3.361520278e-06
5.030000000e-08 3.432858635e-06
5.040000000e-08 3.505555132e-06
5.050000000e-08 3.579632001e-06
5.060000000e-08 3.655111755e-06
5.070000000e-08 3.732017197e-06
5.080000000e-08 3.810371415e-06
5.090000000e-08 3.890197790e-06
5.100000000e-08 3.971519992e-06
5.110000000e-08 4.054361987e-06
5.120000000e-08 4.138748036e-06
5.130000000e-08 4.224702698e-06
5.140000000e-08 4.312250830e-06
5.150000000e-08 4.401417591e-06
5.160000000e-08 4.492228442e-06
5.170000000e-08 4.584709151e-06
5.180000000e-08 4.678885788e-06
5.190000000e-08 4.774784734e-06
5.200000000e-08 4.872432677e-06
5.210000000e-08 4.971856618e-06
5.220000000e-08 5.073083869e-06
5.230000000e-08 5.176142056e-06
5.240000000e-08 5.281059121e-06
5.250000000e-08 5.387863321e-06
5.260000000e-08 5.496583232e-06
5.270000000e-08 5.607247750e-06
5.280000000e-08 5.719886090e-06
5.290000000e-08 5.834527790e-06
5.300000000e-08 5.951202711e-06
5.310000000e-08 6.069941035e-06
5.320000000e-08 6.190773274e-06
5.330000000e-08 6.313730263e-06
5.340000000e-08 6.438843163e-06
5.350000000e-08 6.566143466e-06
5.360000000e-08 6.695662991e-06
5.370000000e-08 6.827433887e-06
5.380000000e-08 6.961488632e-06
5.390000000e-08 7.097860037e-06
5.400000000e-08 7.236581243e-06
5.410000000e-08 7.377685725e-06
5.420000000e-08 7.521207288e-06
5.430000000e-08 7.667180072e-06
5.440000000e-08 7.815638549e-06
5.450000000e-08 7.966617527e-06
5.460000000e-08 8.120152144e-06
5.470000000e-08 8.276277875e-06
5.480000000e-08 8.435030530e-06
5.490000000e-08 8.596446248e-06
5.500000000e-08 8.760561509e-06
5.510000000e-08 8.927413120e-06
5.520000000e-08 9.097038227e-06
5.530000000e-08 9.269474305e-06
5.540000000e-08 9.444759166e-06
5.550000000e-08 9.622930951e-06
5.560000000e-08 9.804028135e-06
5.570000000e-08 9.988089522e-06
5.580000000e-08 1.017515425e-05
5.590000000e-08 1.036526178e-05
5.600000000e-08 1.055845192e-05
5.610000000e-08 1.075476477e-05
5.620000000e-08 1.095424080e-05
5.630000000e-08 1.115692077e-05
5.640000000e-08 1.136284578e-05
5.650000000e-08 1.157205726e-05
5.660000000e-08 1.178459695e-05
5.670000000e-08 1.200050690e-05
5.680000000e-08 1.221982951e-05
5.690000000e-08 1.244260747e-05
5.700000000e-08 1.266888378e-05
5.710000000e-08 1.289870178e-05
5.720000000e-08 1.313210509e-05
5.730000000e-08 1.336913766e-05
5.740000000e-08 1.360984374e-05
5.750000000e-08 1.385426788e-05
5.760000000e-08 1.410245493e-05
5.770000000e-08 1.435445005e-05
5.780000000e-08 1.461029867e-05
5.790000000e-08 1.487004655e-05
5.800000000e-08 1.513373970e-05
5.810000000e-08 1.540142445e-05
5.820000000e-08 1.567314739e-05
5.830000000e-08 1.594895541e-05
5.840000000e-08 1.622889565e-05
5.850000000e-08 1.651301555e-05
5.860000000e-08 1.680136280e-05
5.870000000e-08 1.709398537e-05
5.880000000e-08 1.739093148e-05
5.890000000e-08 1.769224961e-05
5.900000000e-08 1.799798851e-05
5.910000000e-08 1.830819714e-05
5.920000000e-08 1.862292475e-05
5.930000000e-08 1.894222080e-05
5.940000000e-08 1.926613499e-05
5.950000000e-08 1.959471725e-05
5.960000000e-08 1.992801775e-05
5.970000000e-08 2.026608686e-05
5.980000000e-08 2.060897517e-05
5.990000000e-08 2.095673348e-05
6.000000000e-08 2.130941281e-05
6.010000000e-08 2.166706434e-05
6.020000000e-08 2.202973949e-05
6.030000000e-08 2.239748982e-05
6.040000000e-08 2.277036710e-05
6.050000000e-08 2.314842327e-05
6.060000000e-08 2.353171042e-05
6.070000000e-08 2.392028081e-05
6.080000000e-08 2.431418688e-05
6.090000000e-08 2.471348117e-05
6.100000000e-08 2.511821639e-05
6.110000000e-08 2.552844538e-05
6.120000000e-08 2.594422109e-05
6.130000000e-08 2.636559662e-05
6.140000000e-08 2.679262515e-05
6.150000000e-08 2.722535997e-05
6.160000000e-08 2.766385448e-05
6.170000000e-08 2.810816215e-05
6.180000000e-08 2.855833653e-05
6.190000000e-08 2.901443125e-05
6.200000000e-08 2.947649999e-05
6.210000000e-08 2.994459650e-05
6.220000000e-08 3.041877456e-05
6.230000000e-08 3.089908799e-05
6.240000000e-08 3.138559065e-05
6.250000000e-08 3.187833638e-05
6.260000000e-08 3.237737907e-05
6.270000000e-08 3.288277258e-05
6.280000000e-08 3.339457078e-05
6.290000000e-08 3.391282751e-05
6.300000000e-08 3.443759656e-05
6.310000000e-08 3.496893172e-05
6.320000000e-08 3.550688668e-05
6.330000000e-08 3.605151511e-05
6.340000000e-08 3.660287059e-05
6.350000000e-08 3.716100661e-05
6.360000000e-08 3.772597657e-05
6.370000000e-08 3.829783378e-05
6.380000000e-08 3.887663142e-05
6.390000000e-08 3.946242254e-05
6.400000000e-08 4.005526005e-05
6.410000000e-08 4.065519673e-05
6.420000000e-08 4.126228518e-05
6.430000000e-08 4.187657782e-05
6.440000000e-08 4.249812690e-05
6.450000000e-08 4.312698447e-05
6.460000000e-08 4.376320235e-05
6.470000000e-08 4.440683217e-05
6.480000000e-08 4.505792530e-05
6.490000000e-08 4.571653287e-05
6.500000000e-08 4.638270574e-05
6.510000000e-08 4.705649452e-05
6.520000000e-08 4.773794951e-05
6.530000000e-08 4.842712071e-05
6.540000000e-08 4.912405783e-05
6.550000000e-08 4.982881023e-05
6.560000000e-08 5.054142694e-05
6.570000000e-08 5.126195663e-05
6.580000000e-08 5.199044762e-05
6.590000000e-08 5.272694782e-05
6.600000000e-08 5.347150477e-05
6.610000000e-08 5.422416559e-05
6.620000000e-08 5.498497698e-05
6.630000000e-08 5.575398519e-05
6.640000000e-08 5.653123602e-05
6.650000000e-08 5.731677483e-05
6.660000000e-08 5.811064647e-05
6.670000000e-08 5.891289529e-05
6.680000000e-08 5.972356515e-05
6.690000000e-08 6.054269938e-05
6.700000000e-08 6.137034075e-05
6.710000000e-08 6.220653149e-05
6.720000000e-08 6.305131325e-05
6.730000000e-08 6.390472711e-05
6.740000000e-08 6.476681354e-05
6.750000000e-08 6.563761237e-05
6.760000000e-08 6.651716283e-05
6.770000000e-08 6.740550349e-05
6.780000000e-08 6.830267225e-05
6.790000000e-08 6.920870633e-05
6.800000000e-08 7.012364227e-05
6.810000000e-08 7.104751588e-05
6.820000000e-08 7.198036226e-05
6.830000000e-08 7.292221575e-05
6.840000000e-08 7.387310995e-05
6.850000000e-08 7.483307767e-05
6.860000000e-08 7.580215094e-05
6.870000000e-08 7.678036097e-05
6.880000000e-08 7.776773817e-05
6.890000000e-08 7.876431209e-05
6.900000000e-08 7.977011144e-05
6.910000000e-08 8.078516405e-05
6.920000000e-08 8.180949686e-05
6.930000000e-08 8.284313592e-05
6.940000000e-08 8.388610635e-05
6.950000000e-08 8.493843235e-05
6.960000000e-08 8.600013714e-05
6.970000000e-08 8.707124301e-05
6.980000000e-08 8.815177123e-05
6.990000000e-08 8.924174210e-05
7.000000000e-08 9.034117489e-05
7.010000000e-08 9.145008784e-05
7.020000000e-08 9.256849814e-05
7.030000000e-08 9.369642193e-05
7.040000000e-08 9.483387425e-05
7.050000000e-08 9.598086906e-05
7.060000000e-08 9.713741920e-05
7.070000000e-08 9.830353640e-05
7.080000000e-08 9.947923122e-05
7.090000000e-08 1.006645131e-04
7.100000000e-08 1.018593903e-04
7.110000000e-08 1.030638698e-04
7.120000000e-08 1.042779575e-04
7.130000000e-08 1.055016580e-04
7.140000000e-08 1.067349748e-04
7.150000000e-08 1.079779100e-04
7.160000000e-08 1.092304644e-04
7.170000000e-08 1.104926376e-04
7.180000000e-08 1.117644281e-04
7.190000000e-08 1.130458327e-04
7.200000000e-08 1.143368471e-04
7.210000000e-08 1.156374658e-04
7.220000000e-08 1.169476816e-04
7.230000000e-08 1.182674862e-04
7.240000000e-08 1.195968698e-04
7.250000000e-08 1.209358213e-04
7.260000000e-08 1.222843280e-04
7.270000000e-08 1.236423762e-04
7.280000000e-08 1.250099502e-04
7.290000000e-08 1.263870332e-04
7.300000000e-08 1.277736069e-04
7.310000000e-08 1.291696516e-04
7.320000000e-08 1.305751458e-04
7.330000000e-08 1.319900669e-04
7.340000000e-08 1.334143904e-04
7.350000000e-08 1.348480907e-04
7.360000000e-08 1.362911403e-04
7.370000000e-08 1.377435104e-04
7.380000000e-08 1.392051704e-04
7.390000000e-08 1.406760884e-04
7.400000000e-08 1.421562307e-04
7.410000000e-08 1.436455621e-04
7.420000000e-08 1.451440458e-04
7.430000000e-08 1.466516435e-04
7.440000000e-08 1.481683150e-04
7.450000000e-08 1.496940187e-04
7.460000000e-08 1.512287113e-04
7.470000000e-08 1.527723479e-04
7.480000000e-08 1.543248818e-04
7.490000000e-08 1.558862647e-04
7.500000000e-08 1.574564467e-04
7.510000000e-08 1.590353761e-04
7.520000000e-08 1.606229997e-04
7.530000000e-08 1.622192623e-04
7.540000000e-08 1.638241072e-04
7.550000000e-08 1.654374761e-04
7.560000000e-08 1.670593086e-04
7.570000000e-08 1.686895430e-04
7.580000000e-08 1.703281156e-04
7.590000000e-08 1.719749611e-04
7.600000000e-08 1.736300122e-04
7.610000000e-08 1.752932003e-04
7.620000000e-08 1.769644546e-04
7.630000000e-08 1.786437029e-04
7.640000000e-08 1.803308709e-04
7.650000000e-08 1.820258829e-04
7.660000000e-08 1.837286612e-04
7.670000000e-08 1.854391264e-04
7.680000000e-08 1.871571973e-04
7.690000000e-08 1.888827909e-04
7.700000000e-08 1.906158225e-04
7.710000000e-08 1.923562056e-04
7.720000000e-08 1.941038520e-04
7.730000000e-08 1.958586715e-04
7.740000000e-08 1.976205723e-04
7.750000000e-08 1.993894609e-04
7.760000000e-08 2.011652418e-04
7.770000000e-08 2.029478178e-04
7.780000000e-08 2.047370901e-04
7.790000000e-08 2.065329579e-04
7.800000000e-08 2.083353187e-04
7.810000000e-08 2.101440684e-04
7.820000000e-08 2.119591008e-04
7.830000000e-08 2.137803083e-04
7.840000000e-08 2.156075813e-04
7.850000000e-08 2.174408085e-04
7.860000000e-08 2.192798770e-04
7.870000000e-08 2.211246719e-04
7.880000000e-08 2.229750768e-04
7.890000000e-08 2.248309735e-04
7.900000000e-08 2.266922420e-04
7.910000000e-08 2.285587606e-04
7.920000000e-08 2.304304061e-04
7.930000000e-08 2.323070533e-04
7.940000000e-08 2.341885754e-04
7.950000000e-08 2.360748441e-04
7.960000000e-08 2.379657293e-04
7.970000000e-08 2.398610991e-04
7.980000000e-08 2.417608202e-04
7.990000000e-08 2.436647574e-04
8.000000000e-08 2.455727741e-04
8.010000000e-08 2.474847319e-04
8.020000000e-08 2.494004910e-04
8.030000000e-08 2.513199098e-04
8.040000000e-08 2.532428452e-04
8.050000000e-08 2.551691526e-04
8.060000000e-08 2.570986857e-04
8.070000000e-08 2.590312967e-04
8.080000000e-08 2.609668363e-04
8.090000000e-08 2.629051538e-04
8.100000000e-08 2.648460969e-04
8.110000000e-08 2.667895118e-04
8.120000000e-08 2.687352431e-04
8.130000000e-08 2.706831344e-04
8.140000000e-08 2.726330273e-04
8.150000000e-08 2.745847625e-04
8.160000000e-08 2.765381790e-04
8.170000000e-08 2.784931145e-04
8.180000000e-08 2.804494053e-04
8.190000000e-08 2.824068865e-04
8.200000000e-08 2.843653918e-04
8.210000000e-08 2.863247536e-04
8.220000000e-08 2.882848030e-04
8.230000000e-08 2.902453700e-04
8.240000000e-08 2.922062832e-04
8.250000000e-08 2.941673700e-04
8.260000000e-08 2.961284567e-04
8.270000000e-08 2.980893684e-04
8.280000000e-08 3.000499290e-04
8.290000000e-08 3.020099615e-04
8.300000000e-08 3.039692876e-04
8.310000000e-08 3.059277280e-04
8.320000000e-08 3.078851022e-04
8.330000000e-08 3.098412291e-04
8.340000000e-08 3.117959261e-04
8.350000000e-08 3.137490101e-04
8.360000000e-08 3.157002967e-04
8.370000000e-08 3.176496008e-04
8.380000000e-08 3.195967363e-04
8.390000000e-08 3.215415164e-04
8.400000000e-08 3.234837533e-04
8.410000000e-08 3.254232584e-04
8.420000000e-08 3.273598426e-04
8.430000000e-08 3.292933158e-04
8.440000000e-08 3.312234872e-04
8.450000000e-08 3.331501654e-04
8.460000000e-08 3.350731583e-04
8.470000000e-08 3.369922733e-04
8.480000000e-08 3.389073170e-04
8.490000000e-08 3.408180956e-04
8.500000000e-08 3.427244148e-04
8.510000000e-08 3.446260796e-04
8.520000000e-08 3.465228948e-04
8.530000000e-08 3.484146646e-04
8.540000000e-08 3.503011928e-04
8.550000000e-08 3.521822830e-04
8.560000000e-08 3.540577382e-04
8.570000000e-08 3.559273613e-04
8.580000000e-08 3.577909549e-04
8.590000000e-08 3.596483213e-04
8.600000000e-08 3.614992627e-04
8.610000000e-08 3.633435811e-04
8.620000000e-08 3.651810783e-04
8.630000000e-08 3.670115560e-04
8.640000000e-08 3.688348161e-04
8.650000000e-08 3.706506601e-04
8.660000000e-08 3.724588898e-04
8.670000000e-08 3.742593068e-04
8.680000000e-08 3.760517131e-04
8.690000000e-08 3.778359105e-04
8.700000000e-08 3.796117010e-04
8.710000000e-08 3.813788871e-04
8.720000000e-08 3.831372712e-04
8.730000000e-08 3.848866560e-04
8.740000000e-08 3.866268446e-04
8.750000000e-08 3.883576404e-04
8.760000000e-08 3.900788472e-04
8.770000000e-08 3.917902691e-04
8.780000000e-08 3.934917107e-04
8.790000000e-08 3.951829772e-04
8.800000000e-08 3.968638741e-04
8.810000000e-08 3.985342076e-04
8.820000000e-08 4.001937845e-04
8.830000000e-08 4.018424121e-04
8.840000000e-08 4.034798985e-04
8.850000000e-08 4.051060525e-04
8.860000000e-08 4.067206836e-04
8.870000000e-08 4.083236019e-04
8.880000000e-08 4.099146187e-04
8.890000000e-08 4.114935458e-04
8.900000000e-08 4.130601960e-04
8.910000000e-08 4.146143831e-04
8.920000000e-08 4.161559218e-04
8.930000000e-08 4.176846278e-04
8.940000000e-08 4.192003177e-04
8.950000000e-08 4.207028095e-04
8.960000000e-08 4.221919220e-04
8.970000000e-08 4.236674752e-04
8.980000000e-08 4.251292904e-04
8.990000000e-08 4.265771900e-04
9.000000000e-08 4.280109978e-04
9.010000000e-08 4.294305386e-04
9.020000000e-08 4.308356387e-04
9.030000000e-08 4.322261259e-04
9.040000000e-08 4.336018292e-04
9.050000000e-08 4.349625790e-04
9.060000000e-08 4.363082072e-04
9.070000000e-08 4.376385474e-04
9.080000000e-08 4.389534344e-04
9.090000000e-08 4.402527047e-04
9.100000000e-08 4.415361965e-04
9.110000000e-08 4.428037496e-04
9.120000000e-08 4.440552053e-04
9.130000000e-08 4.452904067e-04
9.140000000e-08 4.465091988e-04
9.150000000e-08 4.477114280e-04
9.160000000e-08 4.488969428e-04
9.170000000e-08 4.500655935e-04
9.180000000e-08 4.512172320e-04
9.190000000e-08 4.523517124e-04
9.200000000e-08 4.534688906e-04
9.210000000e-08 4.545686244e-04
9.220000000e-08 4.556507736e-04
9.230000000e-08 4.567152001e-04
9.240000000e-08 4.577617677e-04
9.250000000e-08 4.587903424e-04
9.260000000e-08 4.598007923e-04
9.270000000e-08 4.607929874e-04
9.280000000e-08 4.617668001e-04
9.290000000e-08 4.627221050e-04
9.300000000e-08 4.636587787e-04
9.310000000e-08 4.645767001e-04
9.320000000e-08 4.654757506e-04
9.330000000e-08 4.663558134e-04
9.340000000e-08 4.672167746e-04
9.350000000e-08 4.680585221e-04
9.360000000e-08 4.688809466e-04
9.370000000e-08 4.696839408e-04
9.380000000e-08 4.704674000e-04
9.390000000e-08 4.712312221e-04
9.400000000e-08 4.719753071e-04
9.410000000e-08 4.726995577e-04
9.420000000e-08 4.734038790e-04
9.430000000e-08 4.740881787e-04
9.440000000e-08 4.747523670e-04
9.450000000e-08 4.753963566e-04
9.460000000e-08 4.760200628e-04
9.470000000e-08 4.766234036e-04
9.480000000e-08 4.772062994e-04
9.490000000e-08 4.777686735e-04
9.500000000e-08 4.783104516e-04
9.510000000e-08 4.788315622e-04
9.520000000e-08 4.793319364e-04
9.530000000e-08 4.798115081e-04
9.540000000e-08 4.802702138e-04
9.550000000e-08 4.807079927e-04
9.560000000e-08 4.811247869e-04
9.570000000e-08 4.815205411e-04
9.580000000e-08 4.818952027e-04
9.590000000e-08 4.822487222e-04
9.600000000e-08 4.825810524e-04
9.610000000e-08 4.828921493e-04
9.620000000e-08 4.831819715e-04
9.630000000e-08 4.834504806e-04
9.640000000e-08 4.836976406e-04
9.650000000e-08 4.839234189e-04
9.660000000e-08 4.841277852e-04
9.670000000e-08 4.843107125e-04
9.680000000e-08 4.844721763e-04
9.690000000e-08 4.846121552e-04
9.700000000e-08 4.847306304e-04
9.710000000e-08 4.848275862e-04
9.720000000e-08 4.849030097e-04
9.730000000e-08 4.849568908e-04
9.740000000e-08 4.849892223e-04
9.760000000e-08 4.850000000e-04
9.770000000e-08 4.850000000e-04
9.780000000e-08 4.850000000e-04
9.790000000e-08 4.850000000e-04
9.800000000e-08 4.850000000e-04
9.810000000e-08 4.850000000e-04
9.820000000e-08 4.850000000e-04
9.830000000e-08 4.850000000e-04
9.840000000e-08 4.850000000e-04
9.850000000e-08 4.850000000e-04
9.860000000e-08 4.850000000e-04
9.870000000e-08 4.850000000e-04
9.880000000e-08 4.850000000e-04
9.890000000e-08 4.850000000e-04
9.900000000e-08 4.850000000e-04
9.910000000e-08 4.850000000e-04
9.920000000e-08 4.850000000e-04
9.930000000e-08 4.850000000e-04
9.940000000e-08 4.850000000e-04
9.950000000e-08 4.850000000e-04
9.960000000e-08 4.850000000e-04
9.970000000e-08 4.850000000e-04
9.980000000e-08 4.850000000e-04
9.990000000e-08 4.850000000e-04
1.000000000e-07 4.850000000e-04
1.001000000e-07 4.850000000e-04
1.002000000e-07 4.850000000e-04
1.003000000e-07 4.850000000e-04
1.004000000e-07 4.850000000e-04
1.005000000e-07 4.850000000e-04
1.006000000e-07 4.850000000e-04
1.007000000e-07 4.850000000e-04
1.008000000e-07 4.850000000e-04
1.009000000e-07 4.850000000e-04
1.010000000e-07 4.850000000e-04
1.011000000e-07 4.850000000e-04
1.012000000e-07 4.850000000e-04
1.013000000e-07 4.850000000e-04
1.014000000e-07 4.850000000e-04
1.015000000e-07 4.850000000e-04
1.016000000e-07 4.850000000e-04
1.017000000e-07 4.850000000e-04
1.018000000e-07 4.850000000e-04
1.019000000e-07 4.850000000e-04
1.020000000e-07 4.850000000e-04
1.021000000e-07 4.850000000e-04
1.022000000e-07 4.850000000e-04
1.023000000e-07 4.850000000e-04
1.024000000e-07 4.850000000e-04
1.025000000e-07 4.850000000e-04
1.026000000e-07 4.849892223e-04
1.027000000e-07 4.849568908e-04
1.028000000e-07 4.849030097e-04
1.029000000e-07 4.848275862e-04
1.030000000e-07 4.847306304e-04
1.031000000e-07 4.846121552e-04
1.032000000e-07 4.844721763e-04
1.033000000e-07 4.843107125e-04
1.034000000e-07 4.841277852e-04
1.035000000e-07 4.839234189e-04
1.036000000e-07 4.836976406e-04
1.037000000e-07 4.834504806e-04
1.038000000e-07 4.831819715e-04
1.039000000e-07 4.828921493e-04
1.040000000e-07 4.825810524e-04
1.041000000e-07 4.822487222e-04
1.042000000e-07 4.818952027e-04
1.043000000e-07 4.815205411e-04
1.044000000e-07 4.811247869e-04
1.045000000e-07 4.807079927e-04
1.046000000e-07 4.802702138e-04
1.047000000e-07 4.798115081e-04
1.048000000e-07 4.793319364e-04
1.049000000e-07 4.788315622e-04
1.050000000e-07 4.783104516e-04
1.051000000e-07 4.777686735e-04
1.052000000e-07 4.772062994e-04
1.053000000e-07 4.766234036e-04
1.054000000e-07 4.760200628e-04
1.055000000e-07 4.753963566e-04
1.056000000e-07 4.747523670e-04
1.057000000e-07 4.740881787e-04
1.058000000e-07 4.734038790e-04
1.059000000e-07 4.726995577e-04
1.060000000e-07 4.719753071e-04
1.061000000e-07 4.712312221e-04
1.062000000e-07 4.704674000e-04
1.063000000e-07 4.696839408e-04
1.064000000e-07 4.688809466e-04
1.065000000e-07 4.680585221e-04
1.066000000e-07 4.672167746e-04
1.067000000e-07 4.663558134e-04
1.068000000e-07 4.654757506e-04
1.069000000e-07 4.645767001e-04
1.070000000e-07 4.636587787e-04
1.071000000e-07 4.627221050e-04
1.072000000e-07 4.617668001e-04
1.073000000e-07 4.607929874e-04
1.074000000e-07 4.598007923e-04
1.075000000e-07 4.587903424e-04
1.076000000e-07 4.577617677e-04
1.077000000e-07 4.567152001e-04
1.078000000e-07 4.556507736e-04
1.079000000e-07 4.545686244e-04
1.080000000e-07 4.534688906e-04
1.081000000e-07 4.523517124e-04
1.082000000e-07 4.512172320e-04
1.083000000e-07 4.500655935e-04
1.084000000e-07 4.488969428e-04
1.085000000e-07 4.477114280e-04
1.086000000e-07 4.465091988e-04
1.087000000e-07 4.452904067e-04
1.088000000e-07 4.440552053e-04
1.089000000e-07 4.428037496e-04
1.090000000e-07 4.415361965e-04
1.091000000e-07 4.402527047e-04
1.092000000e-07 4.389534344e-04
1.093000000e-07 4.376385474e-04
1.094000000e-07 4.363082072e-04
1.095000000e-07 4.349625790e-04
1.096000000e-07 4.336018292e-04
1.097000000e-07 4.322261259e-04
1.098000000e-07 4.308356387e-04
1.099000000e-07 4.294305386e-04
1.100000000e-07 4.280109978e-04
1.101000000e-07 4.265771900e-04
1.102000000e-07 4.251292904e-04
1.103000000e-07 4.236674752e-04
1.104000000e-07 4.221919220e-04
1.105000000e-07 4.207028095e-04
1.106000000e-07 4.192003177e-04
1.107000000e-07 4.176846278e-04
1.108000000e-07 4.161559218e-04
1.109000000e-07 4.146143831e-04
1.110000000e-07 4.130601960e-04
1.111000000e-07 4.114935458e-04
1.112000000e-07 4.099146187e-04
1.113000000e-07 4.083236019e-04
1.114000000e-07 4.067206836e-04
1.115000000e-07 4.051060525e-04
1.116000000e-07 4.034798985e-04
1.117000000e-07 4.018424121e-04
1.118000000e-07 4.001937845e-04
1.119000000e-07 3.985342076e-04
1.120000000e-07 3.968638741e-04
1.121000000e-07 3.951829772e-04
1.122000000e-07 3.934917107e-04
1.123000000e-07 3.917902691e-04
1.124000000e-07 3.900788472e-04
1.125000000e-07 3.883576404e-04
1.126000000e-07 3.866268446e-04
1.127000000e-07 3.848866560e-04
1.128000000e-07 3.831372712e-04
1.129000000e-07 3.813788871e-04
1.130000000e-07 3.796117010e-04
1.131000000e-07 3.778359105e-04
1.132000000e-07 3.760517131e-04
1.133000000e-07 3.742593068e-04
1.134000000e-07 3.724588898e-04
1.135000000e-07 3.706506601e-04
1.136000000e-07 3.688348161e-04
1.137000000e-07 3.670115560e-04
1.138000000e-07 3.651810783e-04
1.139000000e-07 3.633435811e-04
1.140000000e-07 3.614992627e-04
1.141000000e-07 3.596483213e-04
1.142000000e-07 3.577909549e-04
1.143000000e-07 3.559273613e-04
1.144000000e-07 3.540577382e-04
1.145000000e-07 3.521822830e-04
1.146000000e-07 3.503011928e-04
1.147000000e-07 3.484146646e-04
1.148000000e-07 3.465228948e-04
1.149000000e-07 3.446260796e-04
1.150000000e-07 3.427244148e-04
1.151000000e-07 3.408180956e-04
1.152000000e-07 3.389073170e-04
1.153000000e-07 3.369922733e-04
1.154000000e-07 3.350731583e-04
1.155000000e-07 3.331501654e-04
1.156000000e-07 3.312234872e-04
1.157000000e-07 3.292933158e-04
1.158000000e-07 3.273598426e-04
1.159000000e-07 3.254232584e-04
1.160000000e-07 3.234837533e-04
1.161000000e-07 3.215415164e-04
1.162000000e-07 3.195967363e-04
1.163000000e-07 3.176496008e-04
1.164000000e-07 3.157002967e-04
1.165000000e-07 3.137490101e-04
1.166000000e-07 3.117959261e-04
1.167000000e-07 3.098412291e-04
1.168000000e-07 3.078851022e-04
1.169000000e-07 3.059277280e-04
1.170000000e-07 3.039692876e-04
1.171000000e-07 3.020099615e-04
1.172000000e-07 3.000499290e-04
1.173000000e-07 2.980893684e-04
1.174000000e-07 2.961284567e-04
1.175000000e-07 2.941673700e-04
1.176000000e-07 2.922062832e-04
1.177000000e-07 2.902453700e-04
1.178000000e-07 2.882848030e-04
1.179000000e-07 2.863247536e-04
1.180000000e-07 2.843653918e-04
1.181000000e-07 2.824068865e-04
1.182000000e-07 2.804494053e-04
1.183000000e-07 2.784931145e-04
1.184000000e-07 2.765381790e-04
1.185000000e-07 2.745847625e-04
1.186000000e-07 2.726330273e-04
1.187000000e-07 2.706831344e-04
1.188000000e-07 2.687352431e-04
1.189000000e-07 2.667895118e-04
1.190000000e-07 2.648460969e-04
1.191000000e-07 2.629051538e-04
1.192000000e-07 2.609668363e-04
1.193000000e-07 2.590312967e-04
1.194000000e-07 2.570986857e-04
1.195000000e-07 2.551691526e-04
1.196000000e-07 2.532428452e-04
1.197000000e-07 2.513199098e-04
1.198000000e-07 2.494004910e-04
1.199000000e-07 2.474847319e-04
1.200000000e-07 2.455727741e-04
1.201000000e-07 2.436647574e-04
1.202000000e-07 2.417608202e-04
1.203000000e-07 2.398610991e-04
1.204000000e-07 2.379657293e-04
1.205000000e-07 2.360748441e-04
1.206000000e-07 2.341885754e-04
1.207000000e-07 2.323070533e-04
1.208000000e-07 2.304304061e-04
1.209000000e-07 2.285587606e-04
1.210000000e-07 2.266922420e-04
1.211000000e-07 2.248309735e-04
1.212000000e-07 2.229750768e-04
1.213000000e-07 2.211246719e-04
1.214000000e-07 2.192798770e-04
1.215000000e-07 2.174408085e-04
1.216000000e-07 2.156075813e-04
1.217000000e-07 2.137803083e-04
1.218000000e-07 2.119591008e-04
1.219000000e-07 2.101440684e-04
1.220000000e-07 2.083353187e-04
1.221000000e-07 2.065329579e-04
1.222000000e-07 2.047370901e-04
1.223000000e-07 2.029478178e-04
1.224000000e-07 2.011652418e-04
1.225000000e-07 1.993894609e-04
1.226000000e-07 1.976205723e-04
1.227000000e-07 1.958586715e-04
1.228000000e-07 1.941038520e-04
1.229000000e-07 1.923562056e-04
1.230000000e-07 1.906158225e-04
1.231000000e-07 1.888827909e-04
1.232000000e-07 1.871571973e-04
1.233000000e-07 1.854391264e-04
1.234000000e-07 1.837286612e-04
1.235000000e-07 1.820258829e-04
1.236000000e-07 1.803308709e-04
1.237000000e-07 1.786437029e-04
1.238000000e-07 1.769644546e-04
1.239000000e-07 1.752932003e-04
1.240000000e-07 1.736300122e-04
1.241000000e-07 1.719749611e-04
1.242000000e-07 1.703281156e-04
1.243000000e-07 1.686895430e-04
1.244000000e-07 1.670593086e-04
1.245000000e-07 1.654374761e-04
1.246000000e-07 1.638241072e-04
1.247000000e-07 1.622192623e-04
1.248000000e-07 1.606229997e-04
1.249000000e-07 1.590353761e-04
1.250000000e-07 1.574564467e-04
1.251000000e-07 1.558862647e-04
1.252000000e-07 1.543248818e-04
1.253000000e-07 1.527723479e-04
1.254000000e-07 1.512287113e-04
1.255000000e-07 1.496940187e-04
1.256000000e-07 1.481683150e-04
1.257000000e-07 1.466516435e-04
1.258000000e-07 1.451440458e-04
1.259000000e-07 1.436455621e-04
1.260000000e-07 1.421562307e-04
1.261000000e-07 1.406760884e-04
1.262000000e-07 1.392051704e-04
1.263000000e-07 1.377435104e-04
1.264000000e-07 1.362911403e-04
1.265000000e-07 1.348480907e-04
1.266000000e-07 1.334143904e-04
1.267000000e-07 1.319900669e-04
1.268000000e-07 1.305751458e-04
1.269000000e-07 1.291696516e-04
1.270000000e-07 1.277736069e-04
1.271000000e-07 1.263870332e-04
1.272000000e-07 1.250099502e-04
1.273000000e-07 1.236423762e-04
1.274000000e-07 1.222843280e-04
1.275000000e-07 1.209358213e-04
1.276000000e-07 1.195968698e-04
1.277000000e-07 1.182674862e-04
1.278000000e-07 1.169476816e-04
1.279000000e-07 1.156374658e-04
1.280000000e-07 1.143368471e-04
1.281000000e-07 1.130458327e-04
1.282000000e-07 1.117644281e-04
1.283000000e-07 1.104926376e-04
1.284000000e-07 1.092304644e-04
1.285000000e-07 1.079779100e-04
1.286000000e-07 1.067349748e-04
1.287000000e-07 1.055016580e-04
1.288000000e-07 1.042779575e-04
1.289000000e-07 1.030638698e-04
1.290000000e-07 1.018593903e-04
1.291000000e-07 1.006645131e-04
1.292000000e-07 9.947923122e-05
1.293000000e-07 9.830353640e-05
1.294000000e-07 9.713741920e-05
1.295000000e-07 9.598086906e-05
1.296000000e-07 9.483387425e-05
1.297000000e-07 9.369642193e-05
1.298000000e-07 9.256849814e-05
1.299000000e-07 9.145008784e-05
1.300000000e-07 9.034117489e-05
1.301000000e-07 8.924174210e-05
1.302000000e-07 8.815177123e-05
1.303000000e-07 8.707124301e-05
1.304000000e-07 8.600013714e-05
1.305000000e-07 8.493843235e-05
1.306000000e-07 8.388610635e-05
1.307000000e-07 8.284313592e-05
1.308000000e-07 8.180949686e-05
1.309000000e-07 8.078516405e-05
1.310000000e-07 7.977011144e-05
1.311000000e-07 7.876431209e-05
1.312000000e-07 7.776773817e-05
1.313000000e-07 7.678036097e-05
1.314000000e-07 7.580215094e-05
1.315000000e-07 7.483307767e-05
1.316000000e-07 7.387310995e-05
1.317000000e-07 7.292221575e-05
1.318000000e-07 7.198036226e-05
1.319000000e-07 7.104751588e-05
1.320000000e-07 7.012364227e-05
1.321000000e-07 6.920870633e-05
1.322000000e-07 6.830267225e-05
1.323000000e-07 6.740550349e-05
1.324000000e-07 6.651716283e-05
1.325000000e-07 6.563761237e-05
1.326000000e-07 6.476681354e-05
1.327000000e-07 6.390472711e-05
1.328000000e-07 6.305131325e-05
1.329000000e-07 6.220653149e-05
1.330000000e-07 6.137034075e-05
1.331000000e-07 6.054269938e-05
1.332000000e-07 5.972356515e-05
1.333000000e-07 5.891289529e-05
1.334000000e-07 5.811064647e-05
1.335000000e-07 5.731677483e-05
1.336000000e-07 5.653123602e-05
1.337000000e-07 5.575398519e-05
1.338000000e-07 5.498497698e-05
1.339000000e-07 5.422416559e-05
1.340000000e-07 5.347150477e-05
1.341000000e-07 5.272694782e-05
1.342000000e-07 5.199044762e-05
1.343000000e-07 5.126195663e-05
1.344000000e-07 5.054142694e-05
1.345000000e-07 4.982881023e-05
1.346000000e-07 4.912405783e-05
1.347000000e-07 4.842712071e-05
1.348000000e-07 4.773794951e-05
1.349000000e-07 4.705649452e-05
1.350000000e-07 4.638270574e-05
1.351000000e-07 4.571653287e-05
1.352000000e-07 4.505792530e-05
1.353000000e-07 4.440683217e-05
1.354000000e-07 4.376320235e-05
1.355000000e-07 4.312698447e-05
1.356000000e-07 4.249812690e-05
1.357000000e-07 4.187657782e-05
1.358000000e-07 4.126228518e-05
1.359000000e-07 4.065519673e-05
1.360000000e-07 4.005526005e-05
1.361000000e-07 3.946242254e-05
1.362000000e-07 3.887663142e-05
1.363000000e-07 3.829783378e-05
1.364000000e-07 3.772597657e-05
1.365000000e-07 3.716100661e-05
1.366000000e-07 3.660287059e-05
1.367000000e-07 3.605151511e-05
1.368000000e-07 3.550688668e-05
1.369000000e-07 3.496893172e-05
1.370000000e-07 3.443759656e-05
1.371000000e-07 3.391282751e-05
1.372000000e-07 3.339457078e-05
1.373000000e-07 3.288277258e-05
1.374000000e-07 3.237737907e-05
1.375000000e-07 3.187833638e-05
1.376000000e-07 3.138559065e-05
1.377000000e-07 3.089908799e-05
1.378000000e-07 3.041877456e-05
1.379000000e-07 2.994459650e-05
1.380000000e-07 2.947649999e-05
1.381000000e-07 2.901443125e-05
1.382000000e-07 2.855833653e-05
1.383000000e-07 2.810816215e-05
1.384000000e-07 2.766385448e-05
1.385000000e-07 2.722535997e-05
1.386000000e-07 2.679262515e-05
1.387000000e-07 2.636559662e-05
1.388000000e-07 2.594422109e-05
1.389000000e-07 2.552844538e-05
1.390000000e-07 2.511821639e-05
1.391000000e-07 2.471348117e-05
1.392000000e-07 2.431418688e-05
1.393000000e-07 2.392028081e-05
1.394000000e-07 2.353171042e-05
1.395000000e-07 2.314842327e-05
1.396000000e-07 2.277036710e-05
1.397000000e-07 2.239748982e-05
1.398000000e-07 2.202973949e-05
1.399000000e-07 2.166706434e-05
1.400000000e-07 2.130941281e-05
1.401000000e-07 2.095673348e-05
1.402000000e-07 2.060897517e-05
1.403000000e-07 2.026608686e-05
1.404000000e-07 1.992801775e-05
1.405000000e-07 1.959471725e-05
1.406000000e-07 1.926613499e-05
1.407000000e-07 1.894222080e-05
1.408000000e-07 1.862292475e-05
1.409000000e-07 1.830819714e-05
1.410000000e-07 1.799798851e-05
1.411000000e-07 1.769224961e-05
1.412000000e-07 1.739093148e-05
1.413000000e-07 1.709398537e-05
1.414000000e-07 1.680136280e-05
1.415000000e-07 1.651301555e-05
1.416000000e-07 1.622889565e-05
1.417000000e-07 1.594895541e-05
1.418000000e-07 1.567314739e-05
1.419000000e-07 1.540142445e-05
1.420000000e-07 1.513373970e-05
1.421000000e-07 1.487004655e-05
1.422000000e-07 1.461029867e-05
1.423000000e-07 1.435445005e-05
1.424000000e-07 1.410245493e-05
1.425000000e-07 1.385426788e-05
1.426000000e-07 1.360984374e-05
1.427000000e-07 1.336913766e-05
1.428000000e-07 1.313210509e-05
1.429000000e-07 1.289870178e-05
1.430000000e-07 1.266888378e-05
1.431000000e-07 1.244260747e-05
1.432000000e-07 1.221982951e-05
1.433000000e-07 1.200050690e-05
1.434000000e-07 1.178459695e-05
1.435000000e-07 1.157205726e-05
1.436000000e-07 1.136284578e-05
1.437000000e-07 1.115692077e-05
1.438000000e-07 1.095424080e-05
1.439000000e-07 1.075476477e-05
1.440000000e-07 1.055845192e-05
1.441000000e-07 1.036526178e-05
1.442000000e-07 1.017515425e-05
1.443000000e-07 9.988089522e-06
1.444000000e-07 9.804028135e-06
1.445000000e-07 9.622930951e-06
1.446000000e-07 9.444759166e-06
1.447000000e-07 9.269474305e-06
1.448000000e-07 9.097038227e-06
1.449000000e-07 8.927413120e-06
1.450000000e-07 8.760561509e-06
1.451000000e-07 8.596446248e-06
1.452000000e-07 8.435030530e-06
1.453000000e-07 8.276277875e-06
1.454000000e-07 8.120152144e-06
1.455000000e-07 7.966617527e-06
1.456000000e-07 7.815638549e-06
1.457000000e-07 7.667180072e-06
1.458000000e-07 7.521207288e-06
1.459000000e-07 7.377685725e-06
1.460000000e-07 7.236581244e-06
1.461000000e-07 7.097860037e-06
1.462000000e-07 6.961488632e-06
1.463000000e-07 6.827433887e-06
1.464000000e-07 6.695662991e-06
1.465000000e-07 6.566143466e-06
1.466000000e-07 6.438843163e-06
1.467000000e-07 6.313730263e-06
1.468000000e-07 6.190773274e-06
1.469000000e-07 6.069941035e-06
1.470000000e-07 5.951202711e-06
1.471000000e-07 5.834527790e-06
1.472000000e-07 5.719886090e-06
1.473000000e-07 5.607247750e-06
1.474000000e-07 5.496583232e-06
1.475000000e-07 5.387863321e-06
1.476000000e-07 5.281059121e-06
1.477000000e-07 5.176142056e-06
1.478000000e-07 5.073083869e-06
1.479000000e-07 4.971856618e-06
1.480000000e-07 4.872432677e-06
1.481000000e-07 4.774784734e-06
1.482000000e-07 4.678885788e-06
1.483000000e-07 4.584709151e-06
1.484000000e-07 4.492228442e-06
1.485000000e-07 4.401417591e-06
1.486000000e-07 4.312250830e-06
1.487000000e-07 4.224702698e-06
1.488000000e-07 4.138748036e-06
1.489000000e-07 4.054361987e-06
1.490000000e-07 3.971519992e-06
1.491000000e-07 3.890197790e-06
1.492000000e-07 3.810371415e-06
1.493000000e-07 3.732017197e-06
1.494000000e-07 3.655111755e-06
1.495000000e-07 3.579632001e-06
1.496000000e-07 3.505555132e-06
1.497000000e-07 3.432858635e-06
1.498000000e-07 3.361520278e-06
1.499000000e-07 3.291518113e-06
1.500000000e-07 3.222830472e-06
1.501000000e-07 3.155435965e-06
1.502000000e-07 3.089313478e-06
1.503000000e-07 3.024442173e-06
1.504000000e-07 2.960801480e-06
1.505000000e-07 2.898371104e-06
1.506000000e-07 2.837131014e-06
1.507000000e-07 2.777061448e-06
1.508000000e-07 2.718142903e-06
1.509000000e-07 2.660356143e-06
1.510000000e-07 2.603682187e-06
1.511000000e-07 2.548102312e-06
1.512000000e-07 2.493598053e-06
1.513000000e-07 2.440151194e-06
1.514000000e-07 2.387743770e-06
1.515000000e-07 2.336358067e-06
1.516000000e-07 2.285976614e-06
1.517000000e-07 2.236582186e-06
1.518000000e-07 2.188157799e-06
1.519000000e-07 2.140686707e-06
1.520000000e-07 2.094152404e-06
1.521000000e-07 2.048538616e-06
1.522000000e-07 2.003829304e-06
1.523000000e-07 1.960008659e-06
1.524000000e-07 1.917061098e-06
1.525000000e-07 1.874971268e-06
1.526000000e-07 1.833724035e-06
1.527000000e-07 1.793304491e-06
1.528000000e-07 1.753697943e-06
1.529000000e-07 1.714889918e-06
1.530000000e-07 1.676866157e-06
1.531000000e-07 1.639612613e-06
1.532000000e-07 1.603115448e-06
1.533000000e-07 1.567361035e-06
1.534000000e-07 1.532335949e-06
1.535000000e-07 1.498026973e-06
1.536000000e-07 1.464421087e-06
1.537000000e-07 1.431505473e-06
1.538000000e-07 1.399267508e-06
1.539000000e-07 1.367694764e-06
1.540000000e-07 1.336775007e-06
1.541000000e-07 1.306496192e-06
1.542000000e-07 1.276846461e-06
1.543000000e-07 1.247814144e-06
1.544000000e-07 1.219387753e-06
1.545000000e-07 1.191555983e-06
1.546000000e-07 1.164307708e-06
1.547000000e-07 1.137631979e-06
1.548000000e-07 1.111518022e-06
1.549000000e-07 1.085955237e-06
1.550000000e-07 1.060933192e-06
1.551000000e-07 1.036441629e-06
1.552000000e-07 1.012470451e-06
1.553000000e-07 9.890097301e-07
1.554000000e-07 9.660496989e-07
1.555000000e-07 9.435807509e-07
1.556000000e-07 9.215934382e-07
1.557000000e-07 9.000784694e-07
1.558000000e-07 8.790267074e-07
1.559000000e-07 8.584291677e-07
1.560000000e-07 8.382770164e-07
1.561000000e-07 8.185615679e-07
1.562000000e-07 7.992742832e-07
1.563000000e-07 7.804067679e-07
1.564000000e-07 7.619507703e-07
1.565000000e-07 7.438981795e-07
1.566000000e-07 7.262410233e-07
1.567000000e-07 7.089714665e-07
1.568000000e-07 6.920818091e-07
1.569000000e-07 6.755644843e-07
1.570000000e-07 6.594120564e-07
1.571000000e-07 6.436172196e-07
1.572000000e-07 6.281727957e-07
1.573000000e-07 6.130717324e-07
1.574000000e-07 5.983071016e-07
1.575000000e-07 5.838720975e-07
1.576000000e-07 5.697600350e-07
1.577000000e-07 5.559643480e-07
1.578000000e-07 5.424785874e-07
1.579000000e-07 5.292964196e-07
1.580000000e-07 5.164116248e-07
1.581000000e-07 5.038180954e-07
1.582000000e-07 4.915098341e-07
1.583000000e-07 4.794809525e-07
1.584000000e-07 4.677256695e-07
1.585000000e-07 4.562383093e-07
1.586000000e-07 4.450133002e-07
1.587000000e-07 4.340451732e-07
1.588000000e-07 4.233285597e-07
1.589000000e-07 4.128581906e-07
1.590000000e-07 4.026288948e-07
1.591000000e-07 3.926355970e-07
1.592000000e-07 3.828733172e-07
1.593000000e-07 3.733371683e-07
1.594000000e-07 3.640223552e-07
1.595000000e-07 3.549241732e-07
1.596000000e-07 3.460380065e-07
1.597000000e-07 3.373593269e-07
1.598000000e-07 3.288836925e-07
1.599000000e-07 3.206067458e-07
1.600000000e-07 3.125242130e-07
1.601000000e-07 3.046319023e-07
1.602000000e-07 2.969257025e-07
1.603000000e-07 2.894015821e-07
1.604000000e-07 2.820555874e-07
1.605000000e-07 2.748838416e-07
1.606000000e-07 2.678825436e-07
1.607000000e-07 2.610479664e-07
1.608000000e-07 2.543764563e-07
1.609000000e-07 2.478644310e-07
1.610000000e-07 2.415083794e-07
1.611000000e-07 2.353048595e-07
1.612000000e-07 2.292504974e-07
1.613000000e-07 2.233419868e-07
1.614000000e-07 2.175760869e-07
1.615000000e-07 2.119496220e-07
1.616000000e-07 2.064594799e-07
1.617000000e-07 2.011026112e-07
1.618000000e-07 1.958760278e-07
1.619000000e-07 1.907768022e-07
1.620000000e-07 1.858020664e-07
1.621000000e-07 1.809490104e-07
1.622000000e-07 1.762148818e-07
1.623000000e-07 1.715969846e-07
1.624000000e-07 1.670926776e-07
